"","V1","V2","V3","V4","V5","V6","V7","V8","V9","V10","V11","V12","V13","V14","V15","V16","V17","V18","V19","V20","V21","V22","V23","V24","V25","V26","V27","V28","V29","V30","V31","V32","V33","V34","V35","V36","V37","V38","V39","V40","V41","V42","V43","V44","V45","V46","V47","V48","V49","V50","V51","V52","V53","V54","V55","V56","V57","V58","V59","V60","V61","V62","V63","V64","V65","V66","V67","V68","V69","V70","V71","V72","V73","V74","V75","V76","V77","V78"
"1",1,0,0,0,0.436708860759494,0.56386292834891,0.916666666666667,0,0,0,0.519607843137255,0,0.534653465346535,0,0,0.566343042071197,0.436305732484076,0.563934426229508,0,0.944078947368421,0.410596026490066,0.545454545454545,0.387820512820513,0.247588424437299,0.564784053156146,0.625806451612903,0.549520766773163,0.0195439739413681,0.581939799331104,0.257328990228013,0.533546325878594,0.540983606557377,0.563291139240506,0.423566878980892,0,0.503125,0.00628930817610063,0.456375838926175,0.00628930817610063,0.552795031055901,0,0.4375,0,0,0.560509554140127,0.588815789473684,0,0.554455445544555,0.585526315789474,0,0.41025641025641,0.542056074766355,0.558139534883721,0.560126582278481,0.403333333333333,0,0,0.428571428571429,0,0.54635761589404,0.427244582043344,0.577922077922078,0,0.419558359621451,0,0.437106918238994,0,0,0.42483660130719,0.580204778156997,0.630225080385852,0.559726962457338,0.38562091503268,0.592105263157895,0,0.403785488958991,1,0.384615384615385
"2",0,1,0.943708609271523,0.99,0,0,0,0.518032786885246,1,1,0,0.940438871473354,0,0.990506329113924,0.987730061349693,0,0,0,1,0,0,0,0,0.161904761904762,0,0,0,0.450657894736842,0,0.185667752442997,0,0,0,0,0.942675159235669,0,0.437106918238994,0,0.430340557275542,0,0.983818770226537,0,0.942857142857143,0.981012658227848,0,0,1,0,0,0.942675159235669,0,0,0,0,0.0293159609120521,0.94006309148265,1,0,1,0,0,0,1,0.00961538461538462,0.939024390243902,0.015527950310559,0.509493670886076,1,0,0,0,0,0.00320512820512821,0,0.98371335504886,0,0,0.00641025641025641
"3",0,0.943708609271523,1,0.960526315789474,0.0476190476190476,0,0.00327868852459016,0.561461794019934,0.947882736156352,0.940983606557377,0.0328947368421053,0.996710526315789,0.0374149659863946,0.964052287581699,0.962264150943396,0.0367892976588629,0.0470219435736677,0.0361842105263158,0.944444444444444,0,0.040133779264214,0,0.0526315789473684,0.223642172523962,0,0,0,0.453333333333333,0,0.238562091503268,0.0289389067524116,0,0,0.0521172638436482,0.996815286624204,0.040625,0.487096774193548,0.0513698630136986,0.469648562300319,0,0.967105263157895,0.0441640378548896,0.996710526315789,0.964630225080386,0,0.03,0.996688741721854,0,0,0.996835443037975,0.0522875816993464,0.0407523510971787,0,0,0.0838926174496644,1,0.961165048543689,0.0433333333333333,0.940199335548173,0,0.0501567398119122,0,0.95221843003413,0.0576923076923077,1,0.0732484076433121,0.540983606557377,0.945859872611465,0.0550161812297735,0.0343642611683849,0,0,0.0625,0,0.976973684210526,0.0383386581469649,0,0.0575079872204473
"4",0,0.99,0.960526315789474,1,0.00952380952380952,0,0,0.526143790849673,0.990353697749196,0.990228013029316,0,0.958333333333333,0,1,1,0,0.00626959247648903,0.00328947368421053,0.990131578947368,0,0.00342465753424658,0,0.00996677740863787,0.152380952380952,0,0,0,0.435643564356436,0,0.172077922077922,0,0,0,0.00993377483443709,0.96583850931677,0.00311526479750779,0.432692307692308,0.00337837837837838,0.426751592356688,0,0.993464052287582,0,0.963455149501661,0.993527508090615,0,0,1,0,0,0.964285714285714,0.00986842105263158,0,0,0,0.0366666666666667,0.961538461538462,0.990291262135922,0.00333333333333333,0.990066225165563,0,0,0,0.993220338983051,0.0093167701863354,0.95859872611465,0.0318471337579618,0.509933774834437,0.990625,0.00961538461538462,0,0,0,0.0301003344481605,0,1,0.00636942675159236,0,0.0227272727272727
"5",0.436708860759494,0,0.0476190476190476,0.00952380952380952,1,0,0.527950310559006,0.457142857142857,0,0,0.929230769230769,0.0560747663551402,0.920886075949367,0.0060790273556231,0.00900900900900901,0.925925925925926,1,0.98780487804878,0,0.504643962848297,1,0,1,0.820668693009118,0,0.129230769230769,0,0.542319749216301,0,0.784126984126984,0.923312883435583,0,0,0.996815286624204,0.0461538461538462,0.942942942942943,0.543283582089552,1,0.559270516717325,0,0.0123839009287926,0.990683229813665,0.0460122699386503,0.0184049079754601,0,0.881619937694704,0,0.0632911392405063,0.0338461538461538,0.0458715596330275,1,0.925373134328358,0,0,0.962616822429907,0.0507462686567164,0,0.993865030674847,0,0,1,0,0,0.990625,0.0504451038575668,0.972727272727273,0.475757575757576,0,1,0.878594249201278,0.127659574468085,0,0.981191222570533,0.0560747663551402,0.0126582278481013,1,0.438650306748466,0.978260869565217
"6",0.56386292834891,0,0,0,0,1,0.462235649546828,0,0,0,0.062111801242236,0,0.0648148148148148,0,0,0.0564263322884013,0,0.00928792569659443,0,0.490853658536585,0,1,0,0,1,0.86865671641791,1,0,1,0,0.0518292682926829,1,1,0,0,0.0505952380952381,0,0,0,1,0,0.00611620795107034,0,0,1,0.105919003115265,0,0.94006309148265,0.972307692307692,0,0,0.0600600600600601,1,1,0,0,0,0.00309597523219814,0,1,0,1,0,0,0,0,0,0,0,0.108626198083067,0.866459627329193,1,0,0.948948948948949,0,0,0.559270516717325,0
"7",0.916666666666667,0,0.00327868852459016,0,0.527950310559006,0.462235649546828,1,0.035031847133758,0,0,0.617363344051447,0,0.620578778135048,0,0,0.638977635782748,0.524844720496894,0.627831715210356,0,0.964401294498382,0.490196078431373,0.457516339869281,0.465189873417722,0.329230769230769,0.463022508038585,0.575851393188854,0.462732919254658,0.0673076923076923,0.492012779552716,0.329113924050633,0.605015673981191,0.444444444444444,0.48048048048048,0.506410256410256,0.00302114803625378,0.583333333333333,0.0696969696969697,0.548172757475083,0.0674846625766871,0.475308641975309,0,0.512578616352201,0.00325732899022801,0.00313479623824451,0.518181818181818,0.670846394984326,0,0.540453074433657,0.476190476190476,0.0031055900621118,0.498442367601246,0.60790273556231,0.459546925566343,0.469325153374233,0.482200647249191,0.0031055900621118,0,0.520634920634921,0,0.477564102564103,0.516819571865443,0.495176848874598,0,0.513595166163142,0.0029940119760479,0.513846153846154,0.040625,0,0.507836990595611,0.677316293929712,0.596875,0.481605351170569,0.45,0.552469135802469,0,0.504615384615385,0.938080495356037,0.467084639498433
"8",0,0.518032786885246,0.561461794019934,0.526143790849673,0.457142857142857,0,0.035031847133758,1,0.507936507936508,0.526490066225166,0.37,0.568181818181818,0.367892976588629,0.519108280254777,0.55205047318612,0.369281045751634,0.461783439490446,0.4,0.508090614886731,0,0.491582491582492,0,0.587662337662338,0.677524429967427,0,0,0,0.913907284768212,0,0.660194174757282,0.373417721518987,0,0,0.493464052287582,0.580441640378549,0.407523510971787,0.918495297805643,0.462837837837838,0.938511326860841,0,0.509933774834437,0.473509933774834,0.587248322147651,0.538709677419355,0,0.340983606557377,0.505016722408027,0,0,0.578125,0.495114006514658,0.363076923076923,0,0,0.504918032786885,0.557692307692308,0.536050156739812,0.474025974025974,0.5,0,0.468152866242038,0,0.515254237288136,0.496815286624204,0.575384615384615,0.485623003194888,0.996794871794872,0.515923566878981,0.474358974358974,0.370860927152318,0,0,0.536423841059603,0,0.534201954397394,0.490506329113924,0,0.538961038961039
"9",0,1,0.947882736156352,0.990353697749196,0,0,0,0.507936507936508,1,1,0,0.948484848484848,0,0.990825688073395,0.98780487804878,0,0,0,1,0,0,0,0,0.139318885448916,0,0,0,0.439102564102564,0,0.170807453416149,0,0,0,0,0.945945945945946,0,0.422018348623853,0,0.4,0,0.984756097560976,0,0.946875,0.981308411214953,0,0,1,0,0,0.942073170731707,0,0,0,0,0.0255591054313099,0.938837920489297,1,0,1,0,0,0,1,0.00617283950617284,0.942771084337349,0.0176991150442478,0.492307692307692,1,0,0,0,0,0.00625,0,0.984126984126984,0,0,0.009375
"10",0,1,0.940983606557377,0.990228013029316,0,0,0,0.526490066225166,1,1,0,0.939297124600639,0,0.990595611285266,0.9875,0,0,0,1,0,0,0,0,0.150159744408946,0,0,0,0.438709677419355,0,0.182692307692308,0,0,0,0.00317460317460317,0.942073170731707,0,0.439252336448598,0,0.414556962025316,0,0.984025559105431,0,0.938906752411576,0.977635782747604,0,0,1,0,0,0.938709677419355,0,0,0,0,0.0290322580645161,0.937106918238994,1,0,1,0,0,0,1,0.0031055900621118,0.934984520123839,0.0217391304347826,0.512658227848101,1,0,0,0,0,0.0128617363344051,0,0.983333333333333,0,0,0.0160771704180064
"11",0.519607843137255,0,0.0328947368421053,0,0.929230769230769,0.062111801242236,0.617363344051447,0.37,0,0,1,0.0313479623824451,0.990415335463259,0,0,0.990445859872611,0.932098765432099,0.935691318327974,0,0.596214511041009,0.931372549019608,0.0564784053156146,0.919354838709677,0.737179487179487,0.058252427184466,0.196875,0.0443037974683544,0.468354430379747,0.0698412698412698,0.72875816993464,0.990476190476191,0.0608974358974359,0.08,0.917981072555205,0.0396341463414634,0.993827160493827,0.474683544303797,0.927392739273927,0.478125,0.065625,0.00316455696202532,0.94551282051282,0.0382165605095541,0.00315457413249211,0.0157232704402516,0.94551282051282,0,0.138709677419355,0.102564102564103,0.034375,0.939490445859873,0.990566037735849,0.0557377049180328,0.0552147239263804,0.891025641025641,0.0344827586206897,0,0.933333333333333,0,0.0529801324503311,0.929447852760736,0.0679611650485437,0,0.935975609756098,0.0369230769230769,0.907975460122699,0.391585760517799,0,0.93015873015873,0.947019867549669,0.208722741433022,0.0570469798657718,0.904458598726115,0.152866242038217,0,0.9375,0.518867924528302,0.918495297805643
"12",0,0.940438871473354,0.996710526315789,0.958333333333333,0.0560747663551402,0,0,0.568181818181818,0.948484848484848,0.939297124600639,0.0313479623824451,1,0.0383386581469649,0.965408805031447,0.963525835866261,0.0287539936102236,0.049079754601227,0.0414012738853503,0.943037974683544,0,0.043046357615894,0,0.0548387096774194,0.21875,0,0,0,0.467948717948718,0,0.236593059936909,0.0347003154574132,0,0,0.0511182108626198,0.990825688073395,0.0440251572327044,0.473354231974922,0.0466666666666667,0.46875,0,0.955271565495208,0.0419354838709677,1,0.968944099378882,0,0.035031847133758,0.996815286624204,0,0,0.993730407523511,0.053125,0.0369230769230769,0,0,0.0838709677419355,1,0.960244648318043,0.0454545454545455,0.942857142857143,0,0.0486322188449848,0,0.947882736156352,0.0527950310559006,1,0.0664652567975831,0.564263322884012,0.944615384615385,0.0506329113924051,0.037037037037037,0,0,0.0628930817610063,0,0.973856209150327,0.0426829268292683,0,0.0573248407643312
"13",0.534653465346535,0,0.0374149659863946,0,0.920886075949367,0.0648148148148148,0.620578778135048,0.367892976588629,0,0,0.990415335463259,0.0383386581469649,1,0,0,1,0.932098765432099,0.937908496732026,0,0.606666666666667,0.926666666666667,0.0606060606060606,0.9185667752443,0.725806451612903,0.063973063973064,0.192307692307692,0.0514469453376206,0.45928338762215,0.0723684210526316,0.715686274509804,1,0.0662251655629139,0.0804953560371517,0.918032786885246,0.0340557275541796,0.984227129337539,0.462025316455696,0.926666666666667,0.482649842271293,0.0714285714285714,0.00643086816720257,0.938110749185668,0.0334448160535117,0.00320512820512821,0.015527950310559,0.964052287581699,0,0.140939597315436,0.104234527687296,0.0420711974110032,0.935483870967742,1,0.0568561872909699,0.0632911392405063,0.883333333333333,0.0385852090032154,0,0.92358803986711,0,0.0460526315789474,0.924764890282132,0.0704697986577181,0,0.936507936507937,0.0375,0.90282131661442,0.391585760517799,0,0.923841059602649,0.973509933774834,0.191082802547771,0.0608108108108108,0.894230769230769,0.138613861386139,0,0.937106918238994,0.546875,0.910828025477707
"14",0,0.990506329113924,0.964052287581699,1,0.0060790273556231,0,0,0.519108280254777,0.990825688073395,0.990595611285266,0,0.965408805031447,0,1,1,0,0.00613496932515337,0.00321543408360129,0.990384615384615,0,0.0032258064516129,0,0.00949367088607595,0.152866242038217,0,0,0,0.426282051282051,0,0.198697068403909,0,0,0,0.00952380952380952,0.966257668711656,0.00313479623824451,0.416149068322981,0.00671140939597315,0.41358024691358,0,0.993670886075949,0,0.967637540453074,0.996904024767802,0,0,1,0,0,0.962382445141066,0.00949367088607595,0,0,0,0.0357142857142857,0.965625,0.990654205607477,0,0.990322580645161,0,0.00305810397553517,0,0.993485342019544,0.0155763239875389,0.963414634146341,0.0279503105590062,0.495268138801262,0.990853658536585,0.00952380952380952,0,0,0,0.0220125786163522,0,1,0.00617283950617284,0,0.0158227848101266
"15",0,0.987730061349693,0.962264150943396,1,0.00900900900900901,0,0,0.55205047318612,0.98780487804878,0.9875,0,0.963525835866261,0,1,1,0,0.00920245398773006,0.00305810397553517,0.987692307692308,0,0.00632911392405063,0,0.00949367088607595,0.187692307692308,0,0,0,0.470219435736677,0,0.214285714285714,0,0,0,0.0122699386503067,0.964071856287425,0.00598802395209581,0.477341389728097,0.00967741935483871,0.465465465465465,0,0.993827160493827,0,0.963076923076923,0.996913580246914,0,0,1,0,0,0.963525835866261,0.0124223602484472,0,0,0,0.0473186119873817,0.966049382716049,0.98813056379822,0.0031055900621118,0.990476190476191,0,0.00593471810089021,0,0.990506329113924,0.0180722891566265,0.961077844311377,0.036697247706422,0.55045871559633,0.988023952095808,0.0121580547112462,0,0,0,0.0308641975308642,0,1,0.00895522388059702,0,0.0214067278287462
"16",0.566343042071197,0,0.0367892976588629,0,0.925925925925926,0.0564263322884013,0.638977635782748,0.369281045751634,0,0,0.990445859872611,0.0287539936102236,1,0,0,1,0.934375,0.948387096774194,0,0.628571428571429,0.926174496644295,0.0551724137931034,0.921052631578947,0.75,0.06,0.198717948717949,0.040625,0.431372549019608,0.0679611650485437,0.731147540983607,1,0.0557377049180328,0.077639751552795,0.923076923076923,0.0375,0.990322580645161,0.454828660436137,0.928082191780822,0.455974842767296,0.0740740740740741,0.00628930817610063,0.938511326860841,0.0323624595469256,0.00324675324675325,0.0126182965299685,0.970967741935484,0,0.142394822006472,0.104918032786885,0.0319488817891374,0.936305732484076,1,0.0529801324503311,0.0685358255451713,0.901639344262295,0.0318471337579618,0,0.925806451612903,0,0.0454545454545455,0.932515337423313,0.0631229235880399,0,0.934169278996865,0.04,0.915094339622642,0.368932038834951,0,0.931818181818182,0.973509933774834,0.199367088607595,0.0649350649350649,0.911184210526316,0.13915857605178,0,0.936908517350158,0.56386292834891,0.92332268370607
"17",0.436305732484076,0,0.0470219435736677,0.00626959247648903,1,0,0.524844720496894,0.461783439490446,0,0,0.932098765432099,0.049079754601227,0.932098765432099,0.00613496932515337,0.00920245398773006,0.934375,1,0.990291262135922,0,0.503067484662577,1,0,1,0.823343848580442,0,0.110769230769231,0,0.535031847133758,0,0.8,0.935384615384615,0,0,0.996825396825397,0.0547112462006079,0.948328267477204,0.547400611620795,1,0.565217391304348,0,0.0123076923076923,0.993710691823899,0.0506329113924051,0.0184049079754601,0,0.894080996884735,0,0.0569620253164557,0.0253164556962025,0.0523076923076923,1,0.930091185410334,0,0,0.962264150943396,0.0510510510510511,0,0.996805111821086,0,0,1,0,0,0.990712074303406,0.0537313432835821,0.975757575757576,0.490740740740741,0,1,0.883495145631068,0.109717868338558,0,0.984472049689441,0.0454545454545455,0.0126984126984127,1,0.455927051671733,0.981481481481482
"18",0.563934426229508,0,0.0361842105263158,0.00328947368421053,0.98780487804878,0.00928792569659443,0.627831715210356,0.4,0,0,0.935691318327974,0.0414012738853503,0.937908496732026,0.00321543408360129,0.00305810397553517,0.948387096774194,0.990291262135922,1,0,0.593548387096774,0.993355481727575,0.0101694915254237,0.993548387096774,0.792332268370607,0.00983606557377049,0.13015873015873,0.00317460317460317,0.466019417475728,0.0133779264214047,0.771523178807947,0.938709677419355,0.00649350649350649,0.0121212121212121,0.983818770226537,0.0347003154574132,0.948484848484848,0.45859872611465,0.99344262295082,0.476038338658147,0.0122699386503067,0.00961538461538462,0.996774193548387,0.0344827586206897,0.00641025641025641,0.00319488817891374,0.9185667752443,0,0.0562913907284768,0.0419354838709677,0.0407523510971787,0.987421383647799,0.937888198757764,0.0099009900990099,0.0129032258064516,0.971061093247588,0.0445859872611465,0,0.996753246753247,0,0.00328947368421053,0.993730407523511,0.00974025974025974,0,0.98125,0.0368098159509202,0.98159509202454,0.414790996784566,0,0.987179487179487,0.921232876712329,0.133333333333333,0.00335570469798658,0.974025974025974,0.0522875816993464,0.00677966101694915,0.993808049535604,0.559375,0.980327868852459
"19",0,1,0.944444444444444,0.990131578947368,0,0,0,0.508090614886731,1,1,0,0.943037974683544,0,0.990384615384615,0.987692307692308,0,0,0,1,0,0,0,0,0.134375,0,0,0,0.431309904153355,0,0.160130718954248,0,0,0,0.0032258064516129,0.943396226415094,0,0.408668730650155,0,0.394321766561514,0,0.984227129337539,0,0.941368078175896,0.977635782747604,0,0,1,0,0,0.943217665615142,0,0,0,0,0.0255591054313099,0.941358024691358,1,0,1,0,0,0,1,0,0.939577039274924,0.0189873417721519,0.474358974358974,1,0,0,0,0,0.009375,0,0.983606557377049,0,0,0.0126582278481013
"20",0.944078947368421,0,0,0,0.504643962848297,0.490853658536585,0.964401294498382,0,0,0,0.596214511041009,0,0.606666666666667,0,0,0.628571428571429,0.503067484662577,0.593548387096774,0,1,0.481967213114754,0.493333333333333,0.412337662337662,0.296178343949045,0.498381877022654,0.621951219512195,0.482539682539683,0.0222222222222222,0.506410256410256,0.304487179487179,0.594855305466238,0.479233226837061,0.509036144578313,0.480645161290323,0,0.559270516717325,0.0283018867924528,0.524916943521595,0.01875,0.498432601880878,0,0.498371335504886,0,0,0.49685534591195,0.64968152866242,0,0.559602649006622,0.512987012987013,0,0.473015873015873,0.600609756097561,0.480132450331126,0.490566037735849,0.453074433656958,0,0,0.49025974025974,0,0.506451612903226,0.492401215805471,0.508090614886731,0,0.479365079365079,0,0.486153846153846,0,0,0.482649842271293,0.64026402640264,0.646153846153846,0.501650165016502,0.428115015974441,0.562893081761006,0,0.466257668711656,0.962382445141066,0.436305732484076
"21",0.410596026490066,0,0.040133779264214,0.00342465753424658,1,0,0.490196078431373,0.491582491582492,0,0,0.931372549019608,0.043046357615894,0.926666666666667,0.0032258064516129,0.00632911392405063,0.926174496644295,1,0.993355481727575,0,0.481967213114754,1,0,1,0.847176079734219,0,0.123376623376623,0,0.559210526315789,0,0.814814814814815,0.928802588996764,0,0,0.996753246753247,0.0482315112540193,0.95,0.577049180327869,1,0.591639871382637,0,0.0132013201320132,0.996710526315789,0.0463576158940397,0.0164473684210526,0,0.879194630872483,0,0.0675675675675676,0.0302013422818792,0.0546623794212219,1,0.925806451612903,0,0,0.973154362416107,0.0482315112540193,0,0.996644295302013,0,0,1,0,0,0.990228013029316,0.0482315112540193,0.980891719745223,0.506493506493506,0,1,0.8719723183391,0.123376623376623,0,0.990131578947368,0.0598006644518272,0.0101351351351351,1,0.413461538461538,0.990291262135922
"22",0.545454545454545,0,0,0,0,1,0.457516339869281,0,0,0,0.0564784053156146,0,0.0606060606060606,0,0,0.0551724137931034,0,0.0101694915254237,0,0.493333333333333,0,1,0,0,1,0.867109634551495,1,0,1,0,0.0544871794871795,1,1,0,0,0.0415335463258786,0,0,0,1,0,0.00651465798045603,0,0,1,0.112956810631229,0,0.932432432432432,0.966666666666667,0,0,0.0578778135048231,1,1,0,0,0,0.00337837837837838,0,1,0,1,0,0,0,0,0,0,0,0.112244897959184,0.866013071895425,1,0,0.940789473684211,0,0,0.547540983606557,0
"23",0.387820512820513,0,0.0526315789473684,0.00996677740863787,1,0,0.465189873417722,0.587662337662338,0,0,0.919354838709677,0.0548387096774194,0.9185667752443,0.00949367088607595,0.00949367088607595,0.921052631578947,1,0.993548387096774,0,0.412337662337662,1,0,1,0.842443729903537,0,0.0938511326860841,0,0.618421052631579,0,0.832786885245902,0.923566878980892,0,0,1,0.0504731861198738,0.930817610062893,0.62379421221865,1,0.636363636363636,0,0.00952380952380952,0.993421052631579,0.0576923076923077,0.0158730158730159,0,0.921824104234528,0,0.0508474576271186,0.0261437908496732,0.0551948051948052,1,0.915360501567398,0,0,0.973941368078176,0.0581039755351682,0,0.996774193548387,0,0,1,0,0,0.99375,0.058641975308642,0.981012658227848,0.613418530351438,0,1,0.909090909090909,0.0990415335463259,0,0.987138263665595,0.0483870967741935,0.0132013201320132,1,0.372611464968153,0.983922829581994
"24",0.247588424437299,0.161904761904762,0.223642172523962,0.152380952380952,0.820668693009118,0,0.329230769230769,0.677524429967427,0.139318885448916,0.150159744408946,0.737179487179487,0.21875,0.725806451612903,0.152866242038217,0.187692307692308,0.75,0.823343848580442,0.792332268370607,0.134375,0.296178343949045,0.847176079734219,0,0.842443729903537,1,0,0.0654205607476635,0,0.732484076433121,0,0.977917981072555,0.741433021806854,0,0,0.838006230529595,0.214067278287462,0.770897832817337,0.76875,0.813114754098361,0.782874617737003,0,0.195652173913043,0.806748466257669,0.249201277955272,0.18125,0,0.691318327974277,0.0651465798045603,0.0222222222222222,0.0129449838187702,0.224299065420561,0.838607594936709,0.741641337386018,0,0,0.866242038216561,0.215384615384615,0.168195718654434,0.818471337579618,0.128205128205128,0,0.82262996941896,0,0.156146179401993,0.842105263157895,0.218844984802432,0.857585139318885,0.703470031545741,0.158536585365854,0.82484076433121,0.707236842105263,0.0630914826498423,0,0.850793650793651,0.016025641025641,0.183279742765273,0.82370820668693,0.253125,0.842592592592593
"25",0.564784053156146,0,0,0,0,1,0.463022508038585,0,0,0,0.058252427184466,0,0.063973063973064,0,0,0.06,0,0.00983606557377049,0,0.498381877022654,0,1,0,0,1,0.875409836065574,1,0,1,0,0.0636942675159236,1,1,0,0,0.0434782608695652,0,0,0,1,0,0.00980392156862745,0,0,1,0.118811881188119,0,0.946666666666667,0.986842105263158,0,0,0.0641025641025641,1,1,0,0,0,0.00657894736842105,0,1,0,1,0,0,0,0,0,0,0,0.120805369127517,0.875399361022364,1,0,0.952076677316294,0,0,0.565495207667732,0
"26",0.625806451612903,0,0,0,0.129230769230769,0.86865671641791,0.575851393188854,0,0,0,0.196875,0,0.192307692307692,0,0,0.198717948717949,0.110769230769231,0.13015873015873,0,0.621951219512195,0.123376623376623,0.867109634551495,0.0938511326860841,0.0654205607476635,0.875409836065574,1,0.873065015479876,0.00311526479750779,0.875,0.0569620253164557,0.196875,0.864951768488746,0.87987987987988,0.111111111111111,0,0.178571428571429,0,0.12,0,0.875,0,0.133956386292835,0,0,0.962616822429907,0.254838709677419,0,0.942492012779553,0.906752411575563,0,0.113207547169811,0.204268292682927,0.87987012987013,0.868501529051988,0.0961538461538462,0,0,0.129746835443038,0,0.884244372990354,0.133333333333333,0.886075949367089,0,0.119122257053292,0,0.0972644376899696,0,0,0.106583072100313,0.248387096774194,1,0.876623376623377,0.0838509316770186,0.946372239747634,0,0.123867069486405,0.643076923076923,0.0909090909090909
"27",0.549520766773163,0,0,0,0,1,0.462732919254658,0,0,0,0.0443037974683544,0,0.0514469453376206,0,0,0.040625,0,0.00317460317460317,0,0.482539682539683,0,1,0,0,1,0.873065015479876,1,0,1,0,0.04375,1,1,0,0,0.0344827586206897,0,0,0,1,0,0,0,0,1,0.0926517571884984,0,0.932907348242812,0.964856230031949,0,0,0.0476190476190476,1,1,0,0,0,0,0,1,0,1,0,0,0,0,0,0,0,0.0981012658227848,0.873817034700315,1,0,0.940251572327044,0,0,0.55,0
"28",0.0195439739413681,0.450657894736842,0.453333333333333,0.435643564356436,0.542319749216301,0,0.0673076923076923,0.913907284768212,0.439102564102564,0.438709677419355,0.468354430379747,0.467948717948718,0.45928338762215,0.426282051282051,0.470219435736677,0.431372549019608,0.535031847133758,0.466019417475728,0.431309904153355,0.0222222222222222,0.559210526315789,0,0.618421052631579,0.732484076433121,0,0.00311526479750779,0,1,0,0.711038961038961,0.468354430379747,0,0,0.551948051948052,0.476340694006309,0.49375,0.965408805031447,0.517006802721088,0.971518987341772,0,0.455414012738854,0.54746835443038,0.496688741721854,0.455414012738854,0,0.386885245901639,0.424342105263158,0,0,0.477707006369427,0.570532915360502,0.451713395638629,0,0,0.59344262295082,0.464516129032258,0.46031746031746,0.533546325878594,0.403333333333333,0,0.553516819571865,0,0.43046357615894,0.569620253164557,0.481132075471698,0.54746835443038,0.899676375404531,0.444444444444444,0.567741935483871,0.412541254125413,0.0032258064516129,0,0.621019108280255,0,0.437086092715232,0.570532915360502,0.01875,0.618589743589744
"29",0.581939799331104,0,0,0,0,1,0.492012779552716,0,0,0,0.0698412698412698,0,0.0723684210526316,0,0,0.0679611650485437,0,0.0133779264214047,0,0.506410256410256,0,1,0,0,1,0.875,1,0,1,0,0.0673076923076923,1,1,0,0,0.0536277602523659,0,0,0,1,0,0.00983606557377049,0,0,1,0.107023411371237,0,0.929765886287625,0.976973684210526,0,0,0.069620253164557,1,1,0,0,0,0.00655737704918033,0,1,0,1,0,0,0,0,0,0,0,0.117845117845118,0.877742946708464,1,0,0.942857142857143,0,0,0.57556270096463,0
"30",0.257328990228013,0.185667752442997,0.238562091503268,0.172077922077922,0.784126984126984,0,0.329113924050633,0.660194174757282,0.170807453416149,0.182692307692308,0.72875816993464,0.236593059936909,0.715686274509804,0.198697068403909,0.214285714285714,0.731147540983607,0.8,0.771523178807947,0.160130718954248,0.304487179487179,0.814814814814815,0,0.832786885245902,0.977917981072555,0,0.0569620253164557,0,0.711038961038961,0,1,0.737179487179487,0,0,0.810725552050473,0.238993710691824,0.750769230769231,0.753086419753086,0.787878787878788,0.782051282051282,0,0.207547169811321,0.772870662460568,0.27741935483871,0.205128205128205,0,0.674193548387097,0.0792079207920792,0.0169491525423729,0.012779552715655,0.253968253968254,0.805111821086262,0.71875,0,0,0.836065573770492,0.238095238095238,0.206153846153846,0.796116504854369,0.144230769230769,0,0.799382716049383,0,0.180327868852459,0.815873015873016,0.245398773006135,0.834394904458599,0.69551282051282,0.174454828660436,0.808641975308642,0.703583061889251,0.0578778135048231,0,0.838187702265372,0.012779552715655,0.207920792079208,0.796296296296296,0.257234726688103,0.821316614420063
"31",0.533546325878594,0,0.0289389067524116,0,0.923312883435583,0.0518292682926829,0.605015673981191,0.373417721518987,0,0,0.990476190476191,0.0347003154574132,1,0,0,1,0.935384615384615,0.938709677419355,0,0.594855305466238,0.928802588996764,0.0544871794871795,0.923566878980892,0.741433021806854,0.0636942675159236,0.196875,0.04375,0.468354430379747,0.0673076923076923,0.737179487179487,1,0.0548387096774194,0.0771604938271605,0.926282051282051,0.0369230769230769,0.987577639751553,0.468277945619335,0.933993399339934,0.483282674772036,0.0679012345679012,0.00634920634920635,0.935897435897436,0.0319488817891374,0.00311526479750779,0.0122699386503067,0.951298701298701,0,0.137254901960784,0.0958466453674121,0.031055900621118,0.934782608695652,1,0.0543130990415335,0.060790273556231,0.913738019169329,0.0315457413249211,0,0.926282051282051,0,0.0495049504950495,0.931888544891641,0.0584415584415584,0,0.947040498442368,0.0339506172839506,0.916149068322981,0.386792452830189,0,0.934169278996865,0.950819672131147,0.20253164556962,0.0655737704918033,0.913738019169329,0.1375,0,0.944444444444444,0.534591194968553,0.916149068322981
"32",0.540983606557377,0,0,0,0,1,0.444444444444444,0,0,0,0.0608974358974359,0,0.0662251655629139,0,0,0.0557377049180328,0,0.00649350649350649,0,0.479233226837061,0,1,0,0,1,0.864951768488746,1,0,1,0,0.0548387096774194,1,1,0,0,0.0473186119873817,0,0,0,1,0,0.00666666666666667,0,0,1,0.0950819672131148,0,0.924342105263158,0.967532467532468,0,0,0.0630914826498423,1,1,0,0,0,0.00326797385620915,0,1,0,1,0,0,0,0,0,0,0,0.110344827586207,0.863057324840764,1,0,0.932475884244373,0,0,0.548895899053628,0
"33",0.563291139240506,0,0,0,0,1,0.48048048048048,0,0,0,0.08,0,0.0804953560371517,0,0,0.077639751552795,0,0.0121212121212121,0,0.509036144578313,0,1,0,0,1,0.87987987987988,1,0,1,0,0.0771604938271605,1,1,0,0,0.0617647058823529,0,0,0,1,0,0.00917431192660551,0,0,1,0.122699386503067,0,0.935897435897436,0.969230769230769,0,0,0.0805970149253731,1,1,0,0,0,0.00609756097560976,0,1,0,1,0,0,0,0,0,0,0,0.129746835443038,0.875757575757576,1,0,0.945619335347432,0,0,0.56047197640118,0
"34",0.423566878980892,0,0.0521172638436482,0.00993377483443709,0.996815286624204,0,0.506410256410256,0.493464052287582,0,0.00317460317460317,0.917981072555205,0.0511182108626198,0.918032786885246,0.00952380952380952,0.0122699386503067,0.923076923076923,0.996825396825397,0.983818770226537,0.0032258064516129,0.480645161290323,0.996753246753247,0,1,0.838006230529595,0,0.111111111111111,0,0.551948051948052,0,0.810725552050473,0.926282051282051,0,0,1,0.0441640378548896,0.929012345679012,0.574132492113565,0.996610169491525,0.578616352201258,0,0.0126182965299685,0.987301587301587,0.0512820512820513,0.0158730158730159,0,0.884244372990354,0.00321543408360129,0.0533333333333333,0.0293159609120521,0.043343653250774,0.996805111821086,0.918495297805643,0,0,0.973244147157191,0.053125,0.00311526479750779,0.990445859872611,0,0,0.996904024767802,0,0,0.987460815047022,0.055045871559633,0.987421383647799,0.503125,0,0.996805111821086,0.882736156351791,0.113207547169811,0,0.993506493506494,0.0443037974683544,0.00983606557377049,0.996875,0.435331230283912,0.990445859872611
"35",0,0.942675159235669,0.996815286624204,0.96583850931677,0.0461538461538462,0,0.00302114803625378,0.580441640378549,0.945945945945946,0.942073170731707,0.0396341463414634,0.990825688073395,0.0340557275541796,0.966257668711656,0.964071856287425,0.0375,0.0547112462006079,0.0347003154574132,0.943396226415094,0,0.0482315112540193,0,0.0504731861198738,0.214067278287462,0,0,0,0.476340694006309,0,0.238993710691824,0.0369230769230769,0,0,0.0441640378548896,1,0.0477611940298507,0.491017964071856,0.0522875816993464,0.481707317073171,0,0.972136222910217,0.0438871473354232,0.990654205607477,0.96969696969697,0,0.0279503105590062,1,0,0,1,0.0493827160493827,0.0363636363636364,0,0,0.0917721518987342,1,0.955089820359281,0.0477707006369427,0.944444444444444,0,0.0507462686567164,0,0.947712418300654,0.0545454545454545,0.997050147492625,0.0833333333333333,0.574074074074074,0.943283582089552,0.0552147239263804,0.032051282051282,0,0,0.0685358255451713,0,0.977987421383648,0.048048048048048,0,0.0581039755351682
"36",0.503125,0,0.040625,0.00311526479750779,0.942942942942943,0.0505952380952381,0.583333333333333,0.407523510971787,0,0,0.993827160493827,0.0440251572327044,0.984227129337539,0.00313479623824451,0.00598802395209581,0.990322580645161,0.948328267477204,0.948484848484848,0,0.559270516717325,0.95,0.0415335463258786,0.930817610062893,0.770897832817337,0.0434782608695652,0.178571428571429,0.0344827586206897,0.49375,0.0536277602523659,0.750769230769231,0.987577639751553,0.0473186119873817,0.0617647058823529,0.929012345679012,0.0477611940298507,1,0.495440729483283,0.945161290322581,0.519756838905775,0.0515151515151515,0.0122324159021407,0.953416149068323,0.0438871473354232,0.0122324159021407,0.00604229607250755,0.943217665615142,0,0.106796116504854,0.0769230769230769,0.0457317073170732,0.953846153846154,0.988023952095808,0.0410094637223975,0.0424242424242424,0.91875,0.0515151515151515,0,0.943396226415094,0,0.0447284345047923,0.947058823529412,0.0524691358024691,0,0.957446808510638,0.0439882697947214,0.924012158054711,0.420245398773006,0,0.944099378881988,0.941176470588235,0.184848484848485,0.0456026058631922,0.925925925925926,0.116207951070336,0.00970873786407767,0.952802359882006,0.516819571865443,0.933130699088146
"37",0.00628930817610063,0.437106918238994,0.487096774193548,0.432692307692308,0.543283582089552,0,0.0696969696969697,0.918495297805643,0.422018348623853,0.439252336448598,0.474683544303797,0.473354231974922,0.462025316455696,0.416149068322981,0.477341389728097,0.454828660436137,0.547400611620795,0.45859872611465,0.408668730650155,0.0283018867924528,0.577049180327869,0,0.62379421221865,0.76875,0,0,0,0.965408805031447,0,0.753086419753086,0.468277945619335,0,0,0.574132492113565,0.491017964071856,0.495440729483283,1,0.540983606557377,1,0,0.446875,0.543478260869565,0.511041009463722,0.45398773006135,0,0.400630914826498,0.40453074433657,0,0,0.49079754601227,0.591331269349845,0.461077844311377,0,0,0.607594936708861,0.475609756097561,0.443452380952381,0.554858934169279,0.396825396825397,0,0.557926829268293,0,0.43042071197411,0.575384615384615,0.477477477477477,0.575851393188854,0.922360248447205,0.425925925925926,0.575301204819277,0.405750798722045,0,0,0.619496855345912,0,0.444805194805195,0.57566765578635,0.00606060606060606,0.61609907120743
"38",0.456375838926175,0,0.0513698630136986,0.00337837837837838,1,0,0.548172757475083,0.462837837837838,0,0,0.927392739273927,0.0466666666666667,0.926666666666667,0.00671140939597315,0.00967741935483871,0.928082191780822,1,0.99344262295082,0,0.524916943521595,1,0,1,0.813114754098361,0,0.12,0,0.517006802721088,0,0.787878787878788,0.933993399339934,0,0,0.996610169491525,0.0522875816993464,0.945161290322581,0.540983606557377,1,0.54635761589404,0,0.0101351351351351,0.99344262295082,0.0505050505050505,0.0163934426229508,0,0.894915254237288,0,0.0644067796610169,0.0301003344481605,0.0522875816993464,1,0.928571428571429,0,0,0.969283276450512,0.0529801324503311,0,0.996655518394649,0,0,1,0,0,0.990476190476191,0.0536277602523659,0.977848101265823,0.478688524590164,0,1,0.89041095890411,0.123333333333333,0,0.986254295532646,0.0594059405940594,0.0104895104895105,1,0.460526315789474,0.983552631578947
"39",0.00628930817610063,0.430340557275542,0.469648562300319,0.426751592356688,0.559270516717325,0,0.0674846625766871,0.938511326860841,0.4,0.414556962025316,0.478125,0.46875,0.482649842271293,0.41358024691358,0.465465465465465,0.455974842767296,0.565217391304348,0.476038338658147,0.394321766561514,0.01875,0.591639871382637,0,0.636363636363636,0.782874617737003,0,0,0,0.971518987341772,0,0.782051282051282,0.483282674772036,0,0,0.578616352201258,0.481707317073171,0.519756838905775,1,0.54635761589404,1,0,0.43217665615142,0.554878048780488,0.501529051987768,0.435736677115987,0,0.426751592356688,0.388349514563107,0,0,0.487577639751553,0.605590062111801,0.467692307692308,0,0,0.615873015873016,0.465408805031447,0.437125748502994,0.555900621118012,0.381703470031546,0,0.576576576576577,0,0.415584415584416,0.582822085889571,0.47112462006079,0.58641975308642,0.934782608695652,0.413897280966767,0.586206896551724,0.435897435897436,0,0,0.640378548895899,0,0.419672131147541,0.595238095238095,0.00309597523219814,0.634146341463415
"40",0.552795031055901,0,0,0,0,1,0.475308641975309,0,0,0,0.065625,0,0.0714285714285714,0,0,0.0740740740740741,0,0.0122699386503067,0,0.498432601880878,0,1,0,0,1,0.875,1,0,1,0,0.0679012345679012,1,1,0,0,0.0515151515151515,0,0,0,1,0,0.0093167701863354,0,0,1,0.115625,0,0.946708463949843,0.971698113207547,0,0,0.0703363914373089,1,1,0,0,0,0.00630914826498423,0,1,0,1,0,0,0,0,0,0,0,0.111111111111111,0.873065015479876,1,0,0.950310559006211,0,0,0.548484848484848,0
"41",0,0.983818770226537,0.967105263157895,0.993464052287582,0.0123839009287926,0,0,0.509933774834437,0.984756097560976,0.984025559105431,0.00316455696202532,0.955271565495208,0.00643086816720257,0.993670886075949,0.993827160493827,0.00628930817610063,0.0123076923076923,0.00961538461538462,0.984227129337539,0,0.0132013201320132,0,0.00952380952380952,0.195652173913043,0,0,0,0.455414012738854,0,0.207547169811321,0.00634920634920635,0,0,0.0126182965299685,0.972136222910217,0.0122324159021407,0.446875,0.0101351351351351,0.43217665615142,0,1,0.00634920634920635,0.959119496855346,0.987261146496815,0,0,1,0,0,0.968454258675079,0.0158730158730159,0.00309597523219814,0,0,0.0457516339869281,0.962848297213622,0.984567901234568,0.00952380952380952,0.983870967741935,0,0.00920245398773006,0,0.98371335504886,0.0185185185185185,0.963963963963964,0.0380952380952381,0.504702194357367,0.984756097560976,0.0159235668789809,0,0,0,0.0316455696202532,0,0.996677740863787,0.0121951219512195,0,0.0246153846153846
"42",0.4375,0,0.0441640378548896,0,0.990683229813665,0.00611620795107034,0.512578616352201,0.473509933774834,0,0,0.94551282051282,0.0419354838709677,0.938110749185668,0,0,0.938511326860841,0.993710691823899,0.996774193548387,0,0.498371335504886,0.996710526315789,0.00651465798045603,0.993421052631579,0.806748466257669,0.00980392156862745,0.133956386292835,0,0.54746835443038,0.00983606557377049,0.772870662460568,0.935897435897436,0.00666666666666667,0.00917431192660551,0.987301587301587,0.0438871473354232,0.953416149068323,0.543478260869565,0.99344262295082,0.554878048780488,0.0093167701863354,0.00634920634920635,1,0.0414012738853503,0.00319488817891374,0.003125,0.878289473684211,0,0.0749185667752443,0.0326797385620915,0.0440251572327044,0.990445859872611,0.935384615384615,0.0065359477124183,0.0093167701863354,0.954397394136808,0.0443037974683544,0,1,0,0.00327868852459016,0.996941896024465,0.00961538461538462,0,0.990712074303406,0.0489296636085627,0.962848297213622,0.473186119873817,0,0.990384615384615,0.887417218543046,0.138263665594855,0.00338983050847458,0.970873786407767,0.067524115755627,0,0.993788819875776,0.434375,0.975077881619938
"43",0,0.942857142857143,0.996710526315789,0.963455149501661,0.0460122699386503,0,0.00325732899022801,0.587248322147651,0.946875,0.938906752411576,0.0382165605095541,1,0.0334448160535117,0.967637540453074,0.963076923076923,0.0323624595469256,0.0506329113924051,0.0344827586206897,0.941368078175896,0,0.0463576158940397,0,0.0576923076923077,0.249201277955272,0,0,0,0.496688741721854,0,0.27741935483871,0.0319488817891374,0,0,0.0512820512820513,0.990654205607477,0.0438871473354232,0.511041009463722,0.0505050505050505,0.501529051987768,0,0.959119496855346,0.0414012738853503,1,0.974763406940063,0,0.0318471337579618,0.996688741721854,0,0,0.993630573248408,0.0507936507936508,0.0363636363636364,0,0,0.0841423948220065,1,0.956521739130435,0.0414012738853503,0.938311688311688,0,0.0489296636085627,0,0.945945945945946,0.056782334384858,1,0.073015873015873,0.577777777777778,0.94375,0.0573248407643312,0.0371621621621622,0,0,0.0645161290322581,0,0.973244147157191,0.0460122699386503,0,0.0571428571428571
"44",0,0.981012658227848,0.964630225080386,0.993527508090615,0.0184049079754601,0,0.00313479623824451,0.538709677419355,0.981308411214953,0.977635782747604,0.00315457413249211,0.968944099378882,0.00320512820512821,0.996904024767802,0.996913580246914,0.00324675324675325,0.0184049079754601,0.00641025641025641,0.977635782747604,0,0.0164473684210526,0,0.0158730158730159,0.18125,0,0,0,0.455414012738854,0,0.205128205128205,0.00311526479750779,0,0,0.0158730158730159,0.96969696969697,0.0122324159021407,0.45398773006135,0.0163934426229508,0.435736677115987,0,0.987261146496815,0.00319488817891374,0.974763406940063,1,0,0,0.996794871794872,0,0,0.965299684542587,0.0219435736677116,0,0,0,0.0456026058631922,0.969418960244648,0.984615384615385,0.00943396226415094,0.980891719745223,0,0.0120481927710843,0,0.983660130718954,0.0252365930599369,0.96996996996997,0.036697247706422,0.529595015576324,0.98159509202454,0.0222222222222222,0.00324675324675325,0,0,0.0345911949685535,0,0.996742671009772,0.01875,0,0.0220125786163522
"45",0.560509554140127,0,0,0,0,1,0.518181818181818,0,0,0,0.0157232704402516,0,0.015527950310559,0,0,0.0126182965299685,0,0.00319488817891374,0,0.49685534591195,0,1,0,0,1,0.962616822429907,1,0,1,0,0.0122699386503067,1,1,0,0,0.00604229607250755,0,0,0,1,0,0.003125,0,0,1,0.0689655172413793,0,0.958990536277603,0.996815286624204,0,0,0.012012012012012,1,1,0,0,0,0.00319488817891374,0,1,0,1,0,0,0,0,0,0,0,0.0714285714285714,0.962616822429907,1,0,0.960606060606061,0,0,0.563076923076923,0
