"","V1","V2","V3","V4","V5","V6","V7","V8","V9","V10","V11","V12","V13","V14","V15","V16","V17","V18","V19","V20","V21","V22","V23","V24","V25","V26","V27","V28","V29","V30","V31","V32","V33","V34","V35","V36","V37","V38","V39","V40","V41","V42","V43","V44","V45","V46","V47","V48","V49","V50","V51","V52","V53","V54","V55","V56","V57","V58","V59","V60","V61","V62","V63","V64","V65","V66","V67","V68","V69","V70","V71","V72","V73","V74","V75","V76","V77","V78","V79","V80","V81","V82","V83","V84","V85","V86","V87","V88","V89","V90","V91","V92","V93","V94","V95","V96","V97","V98","V99","V100","V101","V102","V103","V104","V105","V106","V107","V108","V109","V110","V111","V112","V113","V114","V115","V116","V117","V118","V119","V120","V121","V122","V123","V124","V125","V126"
"1",1,0.00333333333333333,0.727272727272727,0,0,0,0,0,0.00626959247648903,0,0.00327868852459016,0,0,0,0,0,0.994082840236686,0.0066006600660066,0,0,0,0.0065359477124183,0,0,0.993355481727575,0.993788819875776,0.96078431372549,0.00323624595469256,0,0,0.00638977635782748,0,0,0,0,0,0,0.00647249190938511,0.0498442367601246,0,0,0,0.00649350649350649,0,0,0,0,0.974921630094044,0,0.00321543408360129,0,0,0,0,0,0,0,0.00313479623824451,0,0,0,0,0,0.00634920634920635,0.00645161290322581,0,0,0,0,0.0125,0,0,0,0,0,0,1,0.993788819875776,0,0,0.00625,0.993288590604027,0,0,0,0,0.993464052287582,0.00677966101694915,0.003125,0,0.00647249190938511,0,0,0,0,0,0,0,0.996655518394649,0,0.00613496932515337,0,0,0.996884735202492,0.987460815047022,1,0.00318471337579618,0.00641025641025641,0,0,0,0,0,0,0,0.0186335403726708,0,0,0.00316455696202532,0.0031055900621118,0.0093167701863354,0,0,1,0.572784810126582,0.99685534591195
"2",0.00333333333333333,1,0.245791245791246,0,0.243589743589744,0,0,0,0.951612903225806,0.172077922077922,0.908474576271186,0,0,0.827242524916944,0.227848101265823,0,0,0.972602739726027,0,0,0,0.986486486486487,0,0,0,0,0.0838926174496644,0.925324675324675,0,0,0.940789473684211,0,0,0.124600638977636,0,0,0,0.910299003322259,0.810897435897436,0,0,0,0.929292929292929,0,0,0.890282131661442,0,0.0133333333333333,0,0.944444444444444,0,0,0,0.174917491749175,0,0,0,0.918032786885246,0,0,0.684385382059801,0,0,0.929292929292929,0.911764705882353,0.899665551839465,0,0,0,0.875409836065574,0,0,0,0,0.895424836601307,0,0,0,0.145161290322581,0,0.900990099009901,0,0,0,0.1438127090301,0,0,0.878048780487805,0.915309446254072,0,0.93687707641196,0,0,0,0,0,0,0,0,0,0.993464052287582,0,0,0,0,0,0.919732441471572,0.914556962025316,0,0,0.17981072555205,0.177049180327869,0.00974025974025974,0,0,0.935691318327974,0,0,0.993485342019544,0.986928104575163,0.898026315789474,0,0,0.00323624595469256,0.436666666666667,0
"3",0.727272727272727,0.245791245791246,1,0,0,0,0,0,0.287581699346405,0,0.254237288135593,0,0,0.0912052117263844,0,0,0.715596330275229,0.219269102990033,0,0,0,0.288524590163934,0,0,0.730263157894737,0.703470031545741,0.794019933554817,0.293548387096774,0,0,0.221864951768489,0,0,0,0,0,0,0.211920529801325,0.198697068403909,0,0,0,0.267796610169492,0,0,0.232258064516129,0,0.791390728476821,0,0.117263843648208,0,0,0,0,0,0,0,0.260450160771704,0,0,0,0,0,0.333333333333333,0.286666666666667,0.225165562913907,0,0,0,0.270700636942675,0,0,0,0,0.250793650793651,0,0.755627009646302,0.714733542319749,0,0,0.260450160771704,0.732876712328767,0,0,0,0,0.713375796178344,0.25,0.311688311688312,0,0.237458193979933,0,0,0,0,0,0,0,0.720930232558139,0,0.248407643312102,0,0,0.71656050955414,0.719354838709677,0.712538226299694,0.259259259259259,0.286163522012579,0,0,0,0,0,0,0,0.307936507936508,0,0,0.270096463022508,0.21405750798722,0.28343949044586,0,0,0.715210355987055,0.842105263157895,0.71947194719472
"4",0,0,0,1,0,0.270903010033445,0.757861635220126,0.00335570469798658,0,0,0,0.967948717948718,0.5,0,0,0.213375796178344,0,0,0.350157728706625,0.483870967741935,0,0,0.00319488817891374,0.521875,0,0,0,0,0,0.486754966887417,0,0.972972972972973,0,0,0.527331189710611,0.976271186440678,1,0,0,0.00328947368421053,0.455696202531646,0,0,0.0781758957654723,0,0,0.238709677419355,0,0.259868421052632,0,0.758730158730159,0.471947194719472,0.986754966887417,0,0.690789473684211,0.0308219178082192,0.538961038961039,0,0.942760942760943,0.456310679611651,0,0.261016949152542,0.262458471760797,0,0,0,0,0.514851485148515,0.99344262295082,0,0,0.245901639344262,0.742765273311897,0,0,0.50974025974026,0,0,0,0,0,0,0.973421926910299,0,0,0,0,0,0,0,0,0.686274509803922,0.521594684385382,0.515358361774744,0,0.836065573770492,0.363636363636364,0,0,0.506578947368421,0,0.965625,0.261437908496732,0,0,0,0,0,0.25,0.37037037037037,0.00314465408805031,0,0,0,0,0,0.0033112582781457,0,0,0,0,0.544585987261146,0.00319488817891374,0,0,0
"5",0,0.243589743589744,0,0,1,0,0,0,0.177570093457944,0.962382445141066,0.176848874598071,0,0,0.40952380952381,0.963525835866261,0,0,0.228758169934641,0,0,0.00334448160535117,0.209677419354839,0,0,0,0,0,0.17981072555205,0.0229508196721311,0,0.20625,0,0,0.954407294832827,0,0,0,0.188925081433225,0.176470588235294,0.0569620253164557,0,0,0.183544303797468,0,0.351791530944625,0.168195718654434,0,0,0,0.213622291021672,0,0,0,0.975077881619938,0,0,0,0.168195718654434,0,0,0.461038961038961,0,0,0.171428571428571,0.171339563862928,0.188118811881188,0.00626959247648903,0,0,0.163076923076923,0,0,0.190184049079755,0,0.175,0,0,0,0.972049689440994,0,0.172955974842767,0,0,0,0.987012987012987,0.79874213836478,0,0.166666666666667,0.180685358255452,0,0.183279742765273,0,0,0,0,0,0,0,0,0,0.229102167182663,0,0,0,0,0,0.162939297124601,0.166153846153846,0,0,0.957575757575758,0.969230769230769,0.796923076923077,0.0193548387096774,0.334394904458599,0.169753086419753,0,0.0410094637223975,0.227848101265823,0.242990654205607,0.167721518987342,0.374613003095975,0,0,0.0412698412698413,0
"6",0,0,0,0.270903010033445,0,1,0.117460317460317,0,0,0,0,0.23961661341853,0.758957654723127,0,0,1,0,0,0.926282051282051,0,0.023489932885906,0,0,0,0,0,0,0,0,0.0292207792207792,0,0.242718446601942,0,0,0.749216300940439,0.264900662251656,0.325949367088608,0,0,0.308917197452229,0,0,0,0,0,0,1,0,1,0,0.129746835443038,0,0.244224422442244,0,0.0977917981072555,0,0.749216300940439,0,0.343234323432343,0,0,1,1,0,0,0,0.0191082802547771,0.767741935483871,0.275641025641026,0,0,0,0.265573770491803,0,0,0,0,0,0,0,0,0,0.21656050955414,0,0,0,0,0,0,0,0,0.0649350649350649,0.770440251572327,0,0,0.149837133550489,0.921824104234528,0,0,0.00323624595469256,0,0.253968253968254,1,0,0,0,0,0,1,0.916666666666667,0.0125,0,0,0.00318471337579618,0,0,0,0,0,0,0,0.278996865203762,0,0,0,0
"7",0,0,0,0.757861635220126,0,0.117460317460317,1,0.205787781350482,0,0,0,0.79375,0.273311897106109,0,0,0.0851735015772871,0,0,0.1875,0.743034055727554,0,0,0.204334365325077,0.780487804878049,0,0,0,0,0,0.759615384615385,0,0.826366559485531,0.0950920245398773,0,0.266666666666667,0.777777777777778,0.736334405144695,0,0,0,0.719512195121951,0.003125,0,0.30188679245283,0,0,0.109375,0,0.110759493670886,0,0.99388379204893,0.673076923076923,0.796774193548387,0,0.560509554140127,0.0360655737704918,0.271875,0,0.689542483660131,0.493710691823899,0,0.104761904761905,0.0977198697068404,0,0,0,0,0.263322884012539,0.780254777070064,0,0.00623052959501558,0.254716981132075,0.504672897196262,0,0,0.789308176100629,0,0,0,0.00316455696202532,0,0,0.814102564102564,0,0,0,0,0,0,0.0093167701863354,0,0.616352201257862,0.261829652996845,0.799352750809062,0.00634920634920635,0.719242902208202,0.160883280757098,0.00311526479750779,0,0.730519480519481,0,0.8,0.10062893081761,0,0,0,0,0,0.126888217522659,0.164670658682635,0,0,0,0,0,0,0.00967741935483871,0,0,0,0,0.34375,0.0212765957446809,0,0,0
"8",0,0,0,0.00335570469798658,0,0,0.205787781350482,1,0,0,0,0.00641025641025641,0,0,0,0,0,0,0,0.470967741935484,0,0,1,0.329113924050633,0,0,0,0,0,0.508196721311475,0,0.0101694915254237,0.896551724137931,0,0,0,0,0,0,0,0.412698412698413,0.736334405144695,0,0.664495114006515,0,0,0,0,0,0,0.192429022082019,0.182692307692308,0,0,0.00332225913621262,0.527027027027027,0,0,0,0.0945945945945946,0,0,0,0,0,0,0,0,0,0,0.814696485623003,0.322368421052632,0,0.62987012987013,0,0.341935483870968,0,0,0,0.675496688741722,0,0,0.00655737704918033,0.615635179153095,0,0,0,0,0,0.805732484076433,0,0.0559210526315789,0,0.414965986394558,0.823333333333333,0.0431893687707641,0,0.799363057324841,0,0.180602006688963,0,0.019047619047619,0,0,0,0,0,0,0,0,0,0,0,0,0,0,0.810457516339869,0,0,0,0,0,0.841614906832298,0,0,0
"9",0.00626959247648903,0.951612903225806,0.287581699346405,0,0.177570093457944,0,0,0,1,0.134375,0.957654723127036,0,0,0.788643533123028,0.164670658682635,0,0,0.930921052631579,0,0,0,0.977777777777778,0,0,0,0,0.0737179487179487,0.977491961414791,0,0,0.93125,0,0,0.0996978851963746,0,0,0,0.955414012738854,0.880368098159509,0,0,0,0.96474358974359,0,0,0.94478527607362,0,0.0415335463258786,0,0.952978056426332,0,0,0,0.142414860681115,0,0,0,0.972222222222222,0,0,0.66031746031746,0,0,0.981072555205047,0.975077881619938,0.935275080906149,0,0,0,0.943396226415094,0,0,0,0,0.949367088607595,0,0,0,0.114457831325301,0,0.959119496855346,0,0,0,0.0888888888888889,0,0,0.942176870748299,0.971875,0,0.961165048543689,0,0,0,0,0,0,0,0,0,0.954407294832827,0,0,0,0.00617283950617284,0,0.971608832807571,0.966360856269113,0,0,0.120845921450151,0.128930817610063,0,0,0,0.984802431610942,0,0,0.968454258675079,0.944272445820433,0.962025316455696,0,0,0.00315457413249211,0.468553459119497,0
"10",0,0.172077922077922,0,0,0.962382445141066,0,0,0,0.134375,1,0.200647249190939,0,0,0.349673202614379,0.975384615384615,0,0,0.19016393442623,0,0,0,0.157556270096463,0,0,0,0,0,0.178683385579937,0.0194174757281553,0,0.198757763975155,0,0,0.963636363636364,0,0.00327868852459016,0,0.192429022082019,0.188679245283019,0.0379746835443038,0,0,0.187702265372168,0,0.369426751592357,0.190184049079755,0,0,0,0.212307692307692,0,0,0,0.990595611285266,0,0,0,0.18348623853211,0,0,0.485530546623794,0,0,0.185185185185185,0.178913738019169,0.194174757281553,0.00319488817891374,0,0.00311526479750779,0.177914110429448,0,0,0.20125786163522,0,0.195512820512821,0,0,0,0.996951219512195,0,0.180952380952381,0,0,0,0.970873786407767,0.827586206896552,0,0.187919463087248,0.180124223602484,0,0.17515923566879,0,0,0,0,0,0,0,0,0,0.172839506172839,0,0,0,0,0,0.164596273291925,0.172307692307692,0,0,0.923780487804878,1,0.81875,0.0159235668789809,0.332258064516129,0.161094224924012,0,0.0390879478827362,0.164556962025316,0.186119873817035,0.168253968253968,0.363354037267081,0,0,0.0358306188925081,0
"11",0.00327868852459016,0.908474576271186,0.254237288135593,0,0.176848874598071,0,0,0,0.957654723127036,0.200647249190939,1,0,0,0.787581699346405,0.168831168831169,0,0,0.934256055363322,0,0,0,0.935593220338983,0,0,0,0,0.0535117056856187,0.980327868852459,0,0,0.960912052117264,0,0,0.0955414012738854,0,0,0,0.990131578947368,0.913183279742765,0,0,0,0.996539792387543,0,0,0.983606557377049,0,0.033003300330033,0,0.980456026058632,0,0,0,0.155115511551155,0,0,0,0.996805111821086,0,0,0.704697986577181,0,0,0.98371335504886,0.993333333333333,0.975778546712803,0,0,0,0.967845659163987,0,0,0,0,0.98371335504886,0,0,0,0.124203821656051,0,0.976744186046512,0,0,0,0.0850340136054422,0,0,0.982332155477032,0.983922829581994,0,0.986531986531986,0,0,0,0,0,0,0,0,0,0.915857605177994,0,0,0,0.00332225913621262,0,0.989864864864865,0.977707006369427,0,0,0.10223642172524,0.174193548387097,0.00324675324675325,0,0,0.980891719745223,0,0,0.926517571884984,0.927631578947368,0.970967741935484,0,0,0.00332225913621262,0.441860465116279,0
"12",0,0,0,0.967948717948718,0,0.23961661341853,0.79375,0.00641025641025641,0,0,0,1,0.465408805031447,0,0,0.200626959247649,0,0,0.331288343558282,0.523076923076923,0,0,0.00619195046439629,0.56969696969697,0,0,0,0,0,0.531446540880503,0,1,0,0,0.495384615384615,0.990228013029316,0.984375,0,0,0,0.504559270516717,0,0,0.084375,0,0,0.221538461538462,0,0.242811501597444,0,0.811940298507463,0.5141065830721,0.996884735202492,0,0.738993710691824,0.025974025974026,0.481012658227848,0,0.899676375404531,0.487179487179487,0,0.227414330218069,0.231511254019293,0,0,0,0,0.467289719626168,0.971786833855799,0,0,0.247678018575851,0.72360248447205,0.00313479623824451,0,0.549079754601227,0,0,0,0,0,0,1,0.00625,0,0,0,0,0,0,0,0.730769230769231,0.487654320987654,0.542207792207792,0,0.869009584664537,0.348101265822785,0,0,0.545171339563863,0,1,0.229813664596273,0,0,0,0,0,0.243243243243243,0.336309523809524,0,0,0,0,0,0,0.00319488817891374,0,0,0,0,0.501557632398754,0.0029673590504451,0,0,0
"13",0,0,0,0.5,0,0.758957654723127,0.273311897106109,0,0,0,0,0.465408805031447,1,0,0,0.785016286644951,0,0,0.852564102564103,0.0253164556962025,0,0,0,0.0311526479750779,0,0,0,0,0,0.0592105263157895,0,0.439189189189189,0,0,0.984025559105431,0.476351351351351,0.602649006622517,0,0,0.230519480519481,0.0252365930599369,0,0,0.00317460317460317,0,0,0.755485893416928,0,0.790849673202614,0,0.288888888888889,0.0165016501650165,0.480263157894737,0,0.231511254019293,0,1,0,0.590443686006826,0.0099009900990099,0,0.762376237623762,0.79,0,0,0,0.00323624595469256,0.99025974025974,0.498371335504886,0,0,0.00636942675159236,0.501597444089457,0,0,0.025974025974026,0,0,0,0,0,0,0.414790996784566,0,0.00340136054421769,0,0,0,0,0,0,0.157377049180328,1,0.023489932885906,0,0.304347826086957,0.838283828382838,0,0,0.0528052805280528,0,0.467948717948718,0.769480519480519,0,0,0,0,0,0.769230769230769,0.839622641509434,0.00940438871473354,0,0,0,0,0,0,0,0,0,0,0.493630573248408,0,0,0,0
"14",0,0.827242524916944,0.0912052117263844,0,0.40952380952381,0,0,0,0.788643533123028,0.349673202614379,0.787581699346405,0,0,1,0.377708978328173,0,0,0.86046511627907,0,0,0,0.803225806451613,0,0,0,0,0.0228758169934641,0.766233766233766,0,0,0.835443037974684,0,0,0.315789473684211,0,0,0,0.809061488673139,0.749216300940439,0.015527950310559,0,0,0.792207792207792,0,0.0781758957654723,0.769716088328076,0,0,0,0.908496732026144,0,0,0,0.352380952380952,0,0,0,0.794952681388013,0,0,0.851132686084142,0,0,0.757188498402556,0.769230769230769,0.820261437908497,0.00321543408360129,0,0,0.755555555555556,0,0,0,0,0.773584905660377,0,0,0,0.35,0,0.779179810725552,0,0,0,0.267100977198697,0.151612903225806,0,0.792387543252595,0.751552795031056,0,0.814102564102564,0,0,0,0,0,0,0,0,0,0.846153846153846,0,0,0,0,0,0.775641025641026,0.769470404984424,0,0,0.328267477203647,0.360759493670886,0.156739811912226,0.00319488817891374,0.122112211221122,0.772151898734177,0,0.00649350649350649,0.810897435897436,0.873417721518987,0.745161290322581,0.00321543408360129,0,0,0.26517571884984,0
"15",0,0.227848101265823,0,0,0.963525835866261,0,0,0,0.164670658682635,0.975384615384615,0.168831168831169,0,0,0.377708978328173,1,0,0,0.233974358974359,0,0,0,0.186544342507645,0,0,0,0,0,0.154088050314465,0.0157728706624606,0,0.192660550458716,0,0,0.949704142011834,0,0.0031055900621118,0,0.184615384615385,0.167664670658683,0.0524691358024691,0,0,0.1671826625387,0,0.344615384615385,0.162721893491124,0,0,0,0.166666666666667,0,0,0,0.984756097560976,0,0,0,0.156342182890855,0,0,0.463414634146341,0,0,0.155963302752294,0.154545454545455,0.189710610932476,0,0,0.00303951367781155,0.161290322580645,0,0,0.219512195121951,0,0.167164179104478,0,0,0,0.976190476190476,0,0.168674698795181,0,0,0,0.963525835866261,0.798798798798799,0,0.158064516129032,0.164179104477612,0,0.164634146341463,0,0,0,0,0,0,0,0,0,0.223880597014925,0,0,0,0,0,0.133540372670807,0.150887573964497,0,0,0.919540229885057,0.97289156626506,0.810089020771513,0.0125786163522013,0.318042813455657,0.149700598802395,0,0.0337423312883436,0.195718654434251,0.223529411764706,0.151515151515152,0.375757575757576,0,0,0.0305810397553517,0
"16",0,0,0,0.213375796178344,0,1,0.0851735015772871,0,0,0,0,0.200626959247649,0.785016286644951,0,0,1,0,0,0.951923076923077,0,0.0266666666666667,0,0,0,0,0,0,0,0,0.0191082802547771,0,0.190322580645161,0,0,0.755485893416928,0.200692041522491,0.256493506493506,0,0,0.372990353697749,0,0,0,0,0,0,1,0,1,0,0.0911949685534591,0,0.19935691318328,0,0.0906148867313916,0,0.761904761904762,0,0.236842105263158,0,0,1,1,0,0,0,0.0193548387096774,0.77115987460815,0.212903225806452,0,0,0,0.189873417721519,0,0,0,0,0,0,0,0,0,0.163522012578616,0,0.00334448160535117,0,0,0,0,0,0,0.0681818181818182,0.786885245901639,0,0,0.109634551495017,0.949206349206349,0,0,0.00336700336700337,0,0.2,1,0,0,0,0,0,1,0.939209726443769,0.0214067278287462,0,0,0.0033112582781457,0,0,0,0,0,0,0,0.230283911671924,0,0,0,0
"17",0.994082840236686,0,0.715596330275229,0,0,0,0,0,0,0,0,0,0,0,0,0,1,0,0,0,0,0,0,0,1,1,0.923547400611621,0,0,0,0,0,0,0,0,0,0,0,0.0798816568047337,0,0,0,0,0,0,0.0029585798816568,0,0.961309523809524,0,0,0,0,0,0,0,0,0,0,0,0,0,0,0,0,0,0.00307692307692308,0,0,0,0.0148367952522255,0,0,0,0,0.00597014925373134,0,1,1,0,0,0,1,0,0,0,0,1,0,0,0,0,0,0,0,0,0,0,0,1,0,0,0,0,1,0.994029850746269,1,0,0.00578034682080925,0,0,0,0,0,0,0,0.00586510263929619,0,0,0,0,0.0119402985074627,0,0,0.996996996996997,0.533536585365854,1
"18",0.0066006600660066,0.972602739726027,0.219269102990033,0,0.228758169934641,0,0,0,0.930921052631579,0.19016393442623,0.934256055363322,0,0,0.86046511627907,0.233974358974359,0,0,1,0,0,0,0.966101694915254,0,0,0,0,0.0568561872909699,0.916107382550336,0,0,0.954397394136808,0,0,0.135483870967742,0,0,0,0.928082191780822,0.853420195439739,0,0,0,0.94314381270903,0,0,0.918300653594771,0,0.0132450331125828,0,0.95364238410596,0,0,0,0.186274509803922,0,0,0,0.92483660130719,0,0,0.711864406779661,0,0,0.926421404682274,0.924342105263158,0.926910299003322,0,0,0,0.905537459283388,0,0,0,0,0.9185667752443,0,0,0,0.16025641025641,0,0.914473684210526,0,0,0,0.140468227424749,0,0,0.918439716312057,0.916107382550336,0,0.953020134228188,0,0,0,0,0,0,0,0,0,0.974842767295597,0,0,0,0,0,0.930921052631579,0.919093851132686,0,0,0.165079365079365,0.189542483660131,0.0128617363344051,0,0,0.925806451612903,0,0,0.967213114754098,0.99025974025974,0.900990099009901,0,0,0.00326797385620915,0.396666666666667,0
"19",0,0,0,0.350157728706625,0,0.926282051282051,0.1875,0,0,0,0,0.331288343558282,0.852564102564103,0,0,0.951923076923077,0,0,1,0.009375,0.00333333333333333,0,0,0.0119760479041916,0,0,0,0,0,0.032258064516129,0,0.319218241042345,0,0,0.844236760124611,0.343042071197411,0.432692307692308,0,0,0.270440251572327,0.00928792569659443,0,0,0,0,0,0.923076923076923,0,0.948553054662379,0,0.20679012345679,0.0093167701863354,0.325806451612903,0,0.14968152866242,0,0.849529780564263,0,0.439102564102564,0.00315457413249211,0,0.919614147909968,0.932692307692308,0,0,0,0.0125,0.846394984326019,0.364779874213836,0,0,0,0.35,0,0,0.00949367088607595,0,0,0,0,0,0,0.286624203821656,0,0.00313479623824451,0,0,0,0,0,0,0.092948717948718,0.858934169278997,0.0129032258064516,0,0.21656050955414,0.996794871794872,0,0,0.0252365930599369,0,0.343558282208589,0.958990536277603,0,0,0,0,0,0.923780487804878,0.994082840236686,0.0207100591715976,0,0,0,0,0,0,0,0,0,0,0.347962382445141,0,0,0,0
"20",0,0,0,0.483870967741935,0,0,0.743034055727554,0.470967741935484,0,0,0,0.523076923076923,0.0253164556962025,0,0,0,0,0,0.009375,1,0,0,0.460122699386503,0.882882882882883,0,0,0,0,0,0.981012658227848,0,0.55591054313099,0.379204892966361,0,0.00615384615384615,0.5,0.411392405063291,0,0,0,0.945454545454545,0.126153846153846,0,0.33015873015873,0,0,0,0,0,0,0.711711711711712,0.725239616613419,0.507987220447284,0,0.509615384615385,0.0943396226415094,0.0128617363344051,0,0.411003236245955,0.54320987654321,0,0,0,0,0,0,0,0,0.471875,0,0.224615384615385,0.326086956521739,0.234567901234568,0.0888888888888889,0,0.870769230769231,0,0,0,0.0859872611464968,0,0,0.569659442724458,0.0654205607476635,0,0,0,0,0,0.23780487804878,0,0.63125,0.0220125786163522,0.957792207792208,0.235668789808917,0.614886731391586,0,0.222222222222222,0,0.707936507936508,0,0.524844720496894,0,0,0,0,0,0,0,0,0,0,0,0,0,0,0.232484076433121,0,0,0,0,0.10377358490566,0.295180722891566,0,0,0
"21",0,0,0,0,0.00334448160535117,0.023489932885906,0,0,0,0,0,0,0,0,0,0.0266666666666667,0,0,0.00333333333333333,0,1,0,0,0,0,0,0,0,0.996527777777778,0,0,0,0,0.00641025641025641,0,0,0,0,0,0.590443686006826,0,0,0,0,0.574324324324324,0,0.0231023102310231,0,0.0231023102310231,0,0,0,0,0,0,0,0.00328947368421053,0,0,0,0,0.0268456375838926,0.0241379310344828,0,0,0,1,0.0033003300330033,0,0,0,0,0,0,0,0,0,0,0,0,0,0,0,0,0.00338983050847458,0.173770491803279,0,0,0,0,0,0,0.00326797385620915,0,0,0,0,0,0,0,0,0,0.0233333333333333,0,0,0,0,0,0.0253968253968254,0,0.00958466453674121,0,0.155115511551155,0.986798679867987,0.601351351351351,0,0,0.983108108108108,0,0,0,0,0,0,0,0
"22",0.0065359477124183,0.986486486486487,0.288524590163934,0,0.209677419354839,0,0,0,0.977777777777778,0.157556270096463,0.935593220338983,0,0,0.803225806451613,0.186544342507645,0,0,0.966101694915254,0,0,0,1,0,0,0,0,0.0866666666666667,0.948051948051948,0,0,0.951768488745981,0,0,0.117088607594937,0,0,0,0.931147540983607,0.825949367088608,0,0,0,0.954098360655738,0,0,0.909967845659164,0,0.012987012987013,0,0.960264900662252,0,0,0,0.158415841584158,0,0,0,0.946031746031746,0,0,0.645695364238411,0,0,0.958064516129032,0.941747572815534,0.907590759075908,0,0,0,0.900958466453674,0,0,0,0,0.923809523809524,0,0,0,0.125,0,0.932038834951456,0,0,0,0.108910891089109,0,0,0.913793103448276,0.941935483870968,0,0.93485342019544,0,0,0,0,0,0,0,0,0,0.987577639751553,0,0,0,0,0,0.948220064724919,0.94006309148265,0,0,0.146341463414634,0.15987460815047,0.00952380952380952,0,0,0.961783439490446,0,0,0.996742671009772,0.97411003236246,0.928802588996764,0,0,0.00324675324675325,0.469255663430421,0
"23",0,0,0,0.00319488817891374,0,0,0.204334365325077,1,0,0,0,0.00619195046439629,0,0,0,0,0,0,0,0.460122699386503,0,0,1,0.306060606060606,0,0,0,0,0,0.487421383647799,0,0.0066006600660066,0.910493827160494,0,0,0,0,0,0,0,0.422492401215805,0.742331288343558,0,0.678018575851393,0,0,0,0,0,0,0.204892966360856,0.182965299684543,0,0,0.0031055900621118,0.522151898734177,0,0,0,0.077639751552795,0,0,0,0,0,0,0,0,0,0,0.809090909090909,0.285266457680251,0,0.625786163522013,0,0.355140186915888,0,0,0,0.66025641025641,0,0,0.00943396226415094,0.61198738170347,0,0,0,0,0,0.801829268292683,0,0.0641025641025641,0,0.405750798722045,0.82018927444795,0.0415335463258786,0,0.802431610942249,0,0.184713375796178,0,0.0218068535825545,0,0,0,0,0,0,0,0,0,0,0,0,0,0,0.8125,0,0,0,0,0,0.836923076923077,0,0,0
"24",0,0,0,0.521875,0,0,0.780487804878049,0.329113924050633,0,0,0,0.56969696969697,0.0311526479750779,0,0,0,0,0,0.0119760479041916,0.882882882882883,0,0,0.306060606060606,1,0,0,0,0,0,0.846153846153846,0,0.591054313099042,0.220543806646526,0,0.0152439024390244,0.530944625407166,0.437888198757764,0,0,0,0.843843843843844,0.119266055045872,0,0.432098765432099,0,0,0,0,0,0,0.755952380952381,0.865030674846626,0.559485530546624,0,0.628834355828221,0.224683544303797,0.021671826625387,0,0.445512820512821,0.657320872274143,0,0,0,0,0,0,0,0.0093167701863354,0.529051987767584,0,0.112759643916914,0.425,0.246913580246914,0.0962732919254658,0,0.889908256880734,0,0,0,0.100946372239748,0,0,0.617283950617284,0.0993788819875776,0,0,0,0,0,0.106707317073171,0,0.767080745341615,0.0306748466257669,0.929936305732484,0.114906832298137,0.687697160883281,0.00613496932515337,0.104790419161677,0,0.836477987421384,0,0.571428571428571,0,0,0,0,0,0,0,0.00597014925373134,0,0,0,0,0,0,0.0977917981072555,0,0,0,0,0.110429447852761,0.166172106824926,0,0,0
"25",0.993355481727575,0,0.730263157894737,0,0,0,0,0,0,0,0,0,0,0,0,0,1,0,0,0,0,0,0,0,1,1,0.930232558139535,0,0,0,0,0,0,0,0,0,0,0,0.0769230769230769,0,0,0,0,0,0,0.00309597523219814,0,0.964169381107492,0,0,0,0,0,0,0,0,0,0,0,0,0,0,0,0,0,0.0032258064516129,0,0,0,0.0156739811912226,0,0,0,0,0.00636942675159236,0,1,1,0,0,0,1,0,0,0,0,1,0,0,0,0,0,0,0,0,0,0,0,1,0,0,0,0,1,0.993690851735016,1,0,0.0062111801242236,0,0,0,0,0,0,0,0.00943396226415094,0,0,0,0,0.0128617363344051,0,0,0.996774193548387,0.546052631578947,1
"26",0.993788819875776,0,0.703470031545741,0,0,0,0,0,0,0,0,0,0,0,0,0,1,0,0,0,0,0,0,0,1,1,0.928125,0,0,0,0,0,0,0,0,0,0,0,0.0725075528700906,0,0,0,0,0,0,0.003003003003003,0,0.962616822429907,0,0,0,0,0,0,0,0,0,0,0,0,0,0,0,0,0,0.00323624595469256,0,0,0,0.0184049079754601,0,0,0,0,0.00615384615384615,0,1,1,0,0,0,1,0,0,0,0,1,0,0,0,0,0,0,0,0,0,0,0,1,0,0,0,0,1,0.993939393939394,1,0,0.00304878048780488,0,0,0,0,0,0,0,0.00602409638554217,0,0,0,0,0.0154798761609907,0,0,0.99685534591195,0.519108280254777,1
"27",0.96078431372549,0.0838926174496644,0.794019933554817,0,0,0,0,0,0.0737179487179487,0,0.0535117056856187,0,0,0.0228758169934641,0,0,0.923547400611621,0.0568561872909699,0,0,0,0.0866666666666667,0,0,0.930232558139535,0.928125,1,0.0700636942675159,0,0,0.0714285714285714,0,0,0,0,0,0,0.0629139072847682,0.00964630225080386,0,0,0,0.0649350649350649,0,0,0.0445859872611465,0,0.941935483870968,0,0.0384615384615385,0,0,0,0,0,0,0,0.0649350649350649,0,0,0,0,0,0.0882352941176471,0.0781758957654723,0.0506756756756757,0,0,0,0.0632911392405063,0,0,0,0,0.0550161812297735,0,0.954983922829582,0.932258064516129,0,0,0.0586319218241042,0.933774834437086,0,0,0,0,0.915032679738562,0.0569395017793594,0.0721003134796238,0,0.0635451505016722,0,0,0,0,0,0,0,0.922033898305085,0,0.0691823899371069,0,0,0.916398713826367,0.92604501607717,0.941176470588235,0.0670926517571885,0.08,0,0,0,0,0,0,0,0.0846905537459283,0,0,0.0846905537459283,0.0551948051948052,0.0647249190938511,0,0,0.947882736156352,0.607843137254902,0.919093851132686
"28",0.00323624595469256,0.925324675324675,0.293548387096774,0,0.17981072555205,0,0,0,0.977491961414791,0.178683385579937,0.980327868852459,0,0,0.766233766233766,0.154088050314465,0,0,0.916107382550336,0,0,0,0.948051948051948,0,0,0,0,0.0700636942675159,1,0,0,0.95364238410596,0,0,0.0909090909090909,0,0,0,0.970394736842105,0.89171974522293,0,0,0,0.986394557823129,0,0,0.961783439490446,0,0.0353697749196141,0,0.974358974358974,0,0,0,0.140065146579805,0,0,0,0.993630573248408,0,0,0.676666666666667,0,0,1,0.993485342019544,0.949832775919732,0,0,0,0.957186544342508,0,0,0,0,0.968454258675079,0,0,0,0.132492113564669,0,0.97444089456869,0,0,0,0.0805369127516778,0,0,0.965397923875433,0.993690851735016,0,0.97029702970297,0,0,0,0,0,0,0,0,0,0.926751592356688,0,0,0,0.00641025641025641,0,0.990291262135922,0.990566037735849,0,0,0.109756097560976,0.153094462540717,0,0,0,0.993589743589744,0,0,0.940983606557377,0.9185667752443,0.984126984126984,0,0,0,0.469055374592834,0
"29",0,0,0,0,0.0229508196721311,0,0,0,0,0.0194174757281553,0,0,0,0,0.0157728706624606,0,0,0,0,0,0.996527777777778,0,0,0,0,0,0,0,1,0,0,0,0,0.0453074433656958,0,0,0,0,0,0.778877887788779,0,0,0,0,0.757377049180328,0,0,0,0,0,0,0,0,0.0165016501650165,0,0,0,0,0,0,0.00328947368421053,0,0,0,0,0,0.993464052287582,0,0,0,0,0,0.0032258064516129,0,0,0,0,0,0.0226537216828479,0,0,0,0,0,0.0335570469798658,0.203174603174603,0,0,0,0,0,0,0,0,0,0,0,0,0,0,0,0,0,0,0,0,0,0,0,0,0.0506329113924051,0.0161812297734628,0.2,1,0.78,0,0,1,0,0,0,0.0032258064516129,0,0,0,0
"30",0,0,0,0.486754966887417,0,0.0292207792207792,0.759615384615385,0.508196721311475,0,0,0,0.531446540880503,0.0592105263157895,0,0,0.0191082802547771,0,0,0.032258064516129,0.981012658227848,0,0,0.487421383647799,0.846153846153846,0,0,0,0,0,1,0,0.552980132450331,0.39622641509434,0,0.0588235294117647,0.511705685618729,0.42671009771987,0,0,0,0.891640866873065,0.126984126984127,0,0.311688311688312,0,0,0.0158730158730159,0,0.0195439739413681,0,0.722741433021807,0.657142857142857,0.516447368421053,0,0.432258064516129,0.0466666666666667,0.0638977635782748,0,0.426282051282051,0.458860759493671,0,0.0224358974358974,0.0292207792207792,0,0,0,0,0.0447284345047923,0.49185667752443,0,0.249201277955272,0.238709677419355,0.238853503184713,0.0801282051282051,0,0.833855799373041,0,0,0,0.0963455149501661,0,0,0.573717948717949,0.0584415584415584,0,0,0,0,0,0.26031746031746,0,0.565359477124183,0.0662460567823344,0.916943521594684,0.254071661237785,0.550161812297735,0.0355987055016181,0.230283911671924,0,0.656957928802589,0,0.538216560509554,0.022508038585209,0,0,0,0,0,0.0248447204968944,0.0336391437308868,0,0,0,0,0,0,0.249190938511327,0,0,0,0,0.125806451612903,0.302469135802469,0,0,0
"31",0.00638977635782748,0.940789473684211,0.221864951768489,0,0.20625,0,0,0,0.93125,0.198757763975155,0.960912052117264,0,0,0.835443037974684,0.192660550458716,0,0,0.954397394136808,0,0,0,0.951768488745981,0,0,0,0,0.0714285714285714,0.95364238410596,0,0,1,0,0,0.105590062111801,0,0,0,0.961904761904762,0.873817034700315,0,0,0,0.990066225165563,0,0,0.950155763239875,0,0.0161290322580645,0,0.987692307692308,0,0,0,0.173501577287066,0,0,0,0.96875,0,0,0.740384615384615,0,0,0.965408805031447,0.962732919254658,0.941368078175896,0,0,0,0.939873417721519,0,0,0,0,0.949843260188088,0,0,0,0.155763239875389,0,0.964401294498382,0,0,0,0.10377358490566,0,0,0.950331125827815,0.962145110410095,0,0.968354430379747,0,0,0,0,0,0,0,0,0,0.941176470588235,0,0,0,0,0,0.974763406940063,0.960122699386503,0,0,0.143730886850153,0.196875,0.00923076923076923,0,0,0.946875,0,0,0.93730407523511,0.95,0.949685534591195,0,0,0.0032258064516129,0.426751592356688,0
"32",0,0,0,0.972972972972973,0,0.242718446601942,0.826366559485531,0.0101694915254237,0,0,0,1,0.439189189189189,0,0,0.190322580645161,0,0,0.319218241042345,0.55591054313099,0,0,0.0066006600660066,0.591054313099042,0,0,0,0,0,0.552980132450331,0,1,0.003125,0,0.466453674121406,0.989830508474576,0.986885245901639,0,0,0,0.507836990595611,0,0,0.0844155844155844,0,0,0.210862619808307,0,0.231023102310231,0,0.825396825396825,0.549019607843137,0.990033222591362,0,0.744186046511628,0.0469798657718121,0.453947368421053,0,0.902356902356902,0.517915309446254,0,0.215946843853821,0.230769230769231,0,0,0,0,0.436482084690554,0.980327868852459,0,0,0.307936507936508,0.76797385620915,0.00332225913621262,0,0.587662337662338,0,0,0,0,0,0,1,0.00334448160535117,0,0,0,0,0,0,0,0.748344370860927,0.465573770491803,0.570469798657718,0,0.88,0.318181818181818,0,0,0.568106312292359,0,0.996784565916399,0.228758169934641,0,0,0,0,0,0.229813664596273,0.318042813455657,0,0,0,0,0,0,0,0,0,0,0,0.524752475247525,0.00319488817891374,0,0,0
"33",0,0,0,0,0,0,0.0950920245398773,0.896551724137931,0,0,0,0,0,0,0,0,0,0,0,0.379204892966361,0,0,0.910493827160494,0.220543806646526,0,0,0,0,0,0.39622641509434,0,0.003125,1,0,0,0,0,0,0,0,0.324324324324324,0.873065015479876,0,0.545741324921136,0,0,0,0,0,0,0.0851063829787234,0.119122257053292,0,0,0,0.60126582278481,0,0,0,0.16875,0,0,0,0,0,0,0,0,0,0,0.920489296636086,0.38125,0,0.71875,0,0.241590214067278,0,0,0,0.766355140186916,0,0,0.00308641975308642,0.72360248447205,0,0,0,0,0,0.929230769230769,0,0.0411392405063291,0,0.292452830188679,0.933962264150943,0.0294117647058824,0,0.908227848101266,0,0.107936507936508,0,0.0029940119760479,0,0,0,0,0,0,0,0,0,0,0,0,0,0,0.914826498422713,0,0,0,0,0,0.943620178041543,0,0,0
"34",0,0.124600638977636,0,0,0.954407294832827,0,0,0,0.0996978851963746,0.963636363636364,0.0955414012738854,0,0,0.315789473684211,0.949704142011834,0,0,0.135483870967742,0,0,0.00641025641025641,0.117088607594937,0,0,0,0,0,0.0909090909090909,0.0453074433656958,0,0.105590062111801,0,0,1,0,0.00318471337579618,0,0.0940438871473354,0.0886850152905199,0.0869565217391304,0,0,0.102484472049689,0,0.43167701863354,0.0856269113149847,0,0,0,0.104761904761905,0,0,0,0.981366459627329,0,0,0,0.0851063829787234,0,0,0.425867507886435,0,0,0.0934579439252336,0.0903426791277259,0.100946372239748,0.0188087774294671,0,0.00307692307692308,0.0851063829787234,0,0,0.220858895705521,0,0.0933734939759036,0,0,0,0.97910447761194,0,0.0984615384615385,0,0,0,0.996845425867508,0.898148148148148,0,0.0894039735099338,0.0950920245398773,0,0.10625,0,0,0,0,0,0,0,0,0,0.135135135135135,0,0,0,0,0,0.0875,0.0857988165680473,0,0,0.972972972972973,0.963076923076923,0.904320987654321,0.0401234567901235,0.410828025477707,0.0797546012269939,0,0.059748427672956,0.121951219512195,0.131901840490798,0.0889570552147239,0.364741641337386,0,0,0.0160771704180064,0
"35",0,0,0,0.527331189710611,0,0.749216300940439,0.266666666666667,0,0,0,0,0.495384615384615,0.984025559105431,0,0,0.755485893416928,0,0,0.844236760124611,0.00615384615384615,0,0,0,0.0152439024390244,0,0,0,0,0,0.0588235294117647,0,0.466453674121406,0,0,1,0.512903225806452,0.623100303951368,0,0,0.19435736677116,0.00604229607250755,0,0,0,0,0,0.742331288343558,0,0.775316455696203,0,0.284431137724551,0.00316455696202532,0.515923566878981,0,0.265625,0,0.987616099071207,0,0.615384615384615,0.00307692307692308,0,0.742138364779874,0.77124183006536,0,0,0,0,0.993939393939394,0.541795665634675,0,0,0.0123076923076923,0.550769230769231,0,0,0.0151975683890578,0,0,0,0,0,0,0.45398773006135,0,0.00311526479750779,0,0,0,0,0,0,0.163522012578616,0.987915407854985,0.00964630225080386,0,0.325878594249201,0.841791044776119,0,0,0.0543130990415335,0,0.492401215805471,0.783536585365854,0,0,0,0,0,0.761764705882353,0.848942598187311,0.00584795321637427,0,0,0,0,0,0,0,0,0,0,0.517133956386293,0,0,0,0
"36",0,0,0,0.976271186440678,0,0.264900662251656,0.777777777777778,0,0,0.00327868852459016,0,0.990228013029316,0.476351351351351,0,0.0031055900621118,0.200692041522491,0,0,0.343042071197411,0.5,0,0,0,0.530944625407166,0,0,0,0,0,0.511705685618729,0,0.989830508474576,0,0.00318471337579618,0.512903225806452,1,0.983277591973244,0,0,0,0.46474358974359,0.0033112582781457,0,0.0827814569536424,0,0,0.229773462783172,0,0.270903010033445,0,0.779935275080906,0.495016611295681,0.99344262295082,0.00328947368421053,0.734426229508197,0.0364238410596026,0.496710526315789,0,0.908474576271186,0.468013468013468,0,0.240802675585284,0.249158249158249,0,0,0,0,0.481848184818482,0.986577181208054,0,0,0.264516129032258,0.744186046511628,0.00324675324675325,0,0.537704918032787,0,0,0,0,0,0,0.983498349834984,0.00327868852459016,0.00332225913621262,0.00334448160535117,0,0,0,0.00316455696202532,0,0.706666666666667,0.503225806451613,0.523489932885906,0.00334448160535117,0.870431893687708,0.353333333333333,0.00320512820512821,0,0.542087542087542,0,0.973941368078176,0.255663430420712,0,0,0,0,0,0.252365930599369,0.342679127725857,0.00314465408805031,0,0.0033003300330033,0,0,0,0,0,0,0,0,0.509803921568627,0,0,0,0
"37",0,0,0,1,0,0.325949367088608,0.736334405144695,0,0,0,0,0.984375,0.602649006622517,0,0,0.256493506493506,0,0,0.432692307692308,0.411392405063291,0,0,0,0.437888198757764,0,0,0,0,0,0.42671009771987,0,0.986885245901639,0,0,0.623100303951368,0.983277591973244,1,0,0,0.00320512820512821,0.38006230529595,0,0,0.0664556962025316,0,0,0.29746835443038,0,0.327868852459016,0,0.746130030959752,0.39413680781759,0.996742671009772,0,0.669902912621359,0.0296052631578947,0.617088607594937,0,0.948387096774194,0.392282958199357,0,0.30188679245283,0.322147651006711,0,0,0,0,0.616883116883117,0.990291262135922,0,0,0.185303514376997,0.809061488673139,0,0,0.426751592356688,0,0,0,0,0,0,0.983922829581994,0,0,0,0,0,0,0,0,0.627450980392157,0.619047619047619,0.428104575163399,0,0.828947368421053,0.433544303797468,0,0,0.437908496732026,0,0.978328173374613,0.320634920634921,0,0,0,0,0,0.317901234567901,0.436923076923077,0,0,0,0,0,0,0,0,0,0,0,0.598101265822785,0,0,0,0
"38",0.00647249190938511,0.910299003322259,0.211920529801325,0,0.188925081433225,0,0,0,0.955414012738854,0.192429022082019,0.990131578947368,0,0,0.809061488673139,0.184615384615385,0,0,0.928082191780822,0,0,0,0.931147540983607,0,0,0,0,0.0629139072847682,0.970394736842105,0,0,0.961904761904762,0,0,0.0940438871473354,0,0,0,1,0.922360248447205,0,0,0,0.98371335504886,0,0,0.990625,0,0.0290322580645161,0,0.983818770226537,0,0,0,0.155629139072848,0,0,0,0.990566037735849,0,0,0.729096989966555,0,0,0.974025974025974,0.990353697749196,0.986531986531986,0,0,0,0.981012658227848,0,0,0,0,0.990445859872611,0,0,0,0.145110410094637,0,0.987179487179487,0,0,0,0.0953947368421053,0,0,0.989547038327526,0.974842767295597,0,0.980891719745223,0,0,0,0,0,0,0,0,0,0.917981072555205,0,0,0,0,0,0.980132450331126,0.971875,0,0,0.117647058823529,0.179487179487179,0,0,0,0.975077881619938,0,0,0.922077922077922,0.920382165605096,0.964968152866242,0,0,0.00323624595469256,0.398692810457516,0
"39",0.0498442367601246,0.810897435897436,0.198697068403909,0,0.176470588235294,0,0,0,0.880368098159509,0.188679245283019,0.913183279742765,0,0,0.749216300940439,0.167664670658683,0,0.0798816568047337,0.853420195439739,0,0,0,0.825949367088608,0,0,0.0769230769230769,0.0725075528700906,0.00964630225080386,0.89171974522293,0,0,0.873817034700315,0,0,0.0886850152905199,0,0,0,0.922360248447205,1,0,0,0,0.904153354632588,0,0,0.948012232415902,0,0.0849056603773585,0,0.924290220820189,0,0,0,0.148606811145511,0,0,0,0.909657320872274,0,0,0.699680511182109,0,0,0.882911392405063,0.901234567901235,0.928802588996764,0,0,0,0.944272445820433,0,0,0,0,0.928125,0,0.0379746835443038,0.0712074303405573,0.129230769230769,0,0.916923076923077,0.0749185667752443,0,0,0.0849056603773585,0,0.0900621118012422,0.930232558139535,0.897196261682243,0,0.902208201892745,0,0,0,0,0,0,0,0.0811688311688312,0,0.822085889570552,0,0,0.0746268656716418,0.0729483282674772,0.0600600600600601,0.91025641025641,0.894080996884735,0,0,0.100890207715134,0.159638554216867,0,0,0,0.885196374622356,0,0,0.822784810126582,0.849693251533742,0.925,0,0,0.056782334384858,0.347962382445141,0.0869565217391304
"40",0,0,0,0.00328947368421053,0.0569620253164557,0.308917197452229,0,0,0,0.0379746835443038,0,0,0.230519480519481,0.015527950310559,0.0524691358024691,0.372990353697749,0,0,0.270440251572327,0,0.590443686006826,0,0,0,0,0,0,0,0.778877887788779,0,0,0,0,0.0869565217391304,0.19435736677116,0,0.00320512820512821,0,0,1,0,0,0,0,0.724025974025974,0,0.327160493827161,0,0.323624595469256,0,0,0,0,0.05625,0,0,0.222929936305732,0,0.0166666666666667,0,0.00949367088607595,0.322368421052632,0.30718954248366,0,0,0,0.618421052631579,0.225490196078431,0,0,0,0,0.00632911392405063,0,0,0,0,0,0.0553846153846154,0,0,0,0,0,0.0612903225806452,0.20952380952381,0,0,0,0,0,0,0.227129337539432,0,0,0,0.286624203821656,0,0,0,0,0,0.317610062893082,0,0,0,0,0,0.321981424148607,0.283076923076923,0.0950920245398773,0.0501567398119122,0.195652173913043,0.705501618122977,0.697368421052632,0,0,0.632450331125828,0,0,0,0.0462962962962963,0,0,0,0
"41",0,0,0,0.455696202531646,0,0,0.719512195121951,0.412698412698413,0,0,0,0.504559270516717,0.0252365930599369,0,0,0,0,0,0.00928792569659443,0.945454545454545,0,0,0.422492401215805,0.843843843843844,0,0,0,0,0,0.891640866873065,0,0.507836990595611,0.324324324324324,0,0.00604229607250755,0.46474358974359,0.38006230529595,0,0,0,1,0.126843657817109,0,0.405487804878049,0,0,0,0,0,0,0.708708708708709,0.79179810725552,0.488745980707395,0,0.55379746835443,0.180645161290323,0.0123456790123457,0,0.386075949367089,0.586750788643533,0,0,0,0,0,0,0,0,0.442724458204334,0,0.184848484848485,0.359375,0.204334365325077,0.135220125786164,0,0.920731707317073,0,0,0,0.0888888888888889,0,0,0.549689440993789,0.116923076923077,0,0,0,0,0,0.208459214501511,0,0.678018575851393,0.021671826625387,0.915094339622642,0.177777777777778,0.621019108280255,0,0.175384615384615,0,0.780564263322884,0,0.50609756097561,0,0,0,0,0,0,0,0,0,0,0,0,0,0,0.183800623052959,0,0,0,0,0.0804953560371517,0.221556886227545,0,0,0
"42",0,0,0,0,0,0,0.003125,0.736334405144695,0,0,0,0,0,0,0,0,0,0,0,0.126153846153846,0,0,0.742331288343558,0.119266055045872,0,0,0,0,0,0.126984126984127,0,0,0.873065015479876,0,0,0.0033112582781457,0,0,0,0,0.126843657817109,1,0,0.620689655172414,0,0,0,0,0,0,0,0.123376623376623,0,0,0.0616883116883117,0.843450479233227,0,0,0,0.28125,0,0,0,0,0,0,0,0,0,0,0.938271604938272,0.551724137931034,0.00311526479750779,0.942122186495177,0,0.0623052959501558,0,0,0,0.974358974358974,0,0,0,0.955555555555556,0,0,0,0,0,0.933534743202417,0,0.0709677419354839,0,0.0749185667752443,0.940251572327044,0.00983606557377049,0,0.937106918238994,0,0.0882352941176471,0,0,0,0,0,0,0,0,0,0,0,0,0,0,0,0,0.935691318327974,0,0,0,0,0,0.913690476190476,0,0,0
