"","V1","V2","V3","V4","V5","V6","V7","V8","V9","V10","V11","V12","V13","V14","V15","V16","V17","V18","V19","V20","V21","V22","V23","V24","V25","V26","V27","V28","V29","V30","V31","V32","V33","V34","V35","V36","V37","V38","V39","V40","V41","V42","V43","V44","V45","V46","V47","V48","V49","V50","V51","V52","V53","V54","V55","V56","V57","V58","V59","V60","V61","V62","V63","V64","V65","V66","V67","V68","V69","V70","V71","V72","V73","V74","V75","V76","V77","V78","V79","V80","V81","V82","V83","V84","V85","V86","V87","V88","V89","V90","V91","V92","V93","V94","V95","V96","V97","V98","V99","V100","V101","V102","V103","V104","V105","V106","V107","V108","V109","V110","V111","V112","V113","V114","V115","V116","V117","V118","V119","V120","V121","V122","V123","V124","V125","V126"
"1",1,0.193333333333333,0.99025974025974,0,0.141955835962145,0,0,0,0.15987460815047,0.133333333333333,0.147540983606557,0,0,0.142405063291139,0.115151515151515,0,0.914201183431953,0.191419141914191,0,0,0,0.179738562091503,0,0,1,0.96583850931677,0.996732026143791,0.184466019417476,0,0,0.178913738019169,0,0.120253164556962,0.0521472392638037,0,0,0,0.155339805825243,0.190031152647975,0,0,0.108626198083067,0.175324675324675,0,0,0.182389937106918,0,1,0,0.170418006430868,0,0,0,0.0849056603773585,0,0,0,0.163009404388715,0,0,0.134426229508197,0,0,0.171428571428571,0.190322580645161,0.182119205298013,0,0,0,0.16875,0.44794952681388,0,0,0,0.169230769230769,0,1,0.962732919254658,0.0504731861198738,0.120915032679739,0.175,1,0,0.0838709677419355,0.0408805031446541,0,0.941176470588235,0.186440677966102,0.18125,0.104294478527607,0.177993527508091,0,0,0,0.356913183279743,0,0,0.369426751592357,0.966555183946488,0,0.153374233128834,0,0,0.968847352024922,1,1,0.171974522292994,0.192307692307692,0,0,0.04,0.115264797507788,0,0,0,0.173913043478261,0.307936507936508,0,0.170886075949367,0.180124223602484,0.180124223602484,0,0.107361963190184,1,0.848101265822785,0.952830188679245
"2",0.193333333333333,1,0.262626262626263,0,0.939102564102564,0,0,0,1,0.928571428571429,1,0,0,0.953488372093023,0.911392405063291,0,0.114551083591331,1,0,0,0,1,0,0,0.235294117647059,0.170418006430868,0.224832214765101,1,0.00666666666666667,0,1,0,0,0.814696485623003,0,0,0,1,0.993589743589744,0.00664451827242525,0,0,1,0,0.00664451827242525,1,0,0.23,0,1,0,0,0,0.884488448844885,0,0,0,1,0,0,0.943521594684385,0,0,1,0.996732026143791,1,0,0,0,1,0,0,0,0.0264900662251656,1,0,0.169435215946844,0.167202572347267,0.82258064516129,0,1,0.249122807017544,0,0.0132890365448505,0.568561872909699,0.0066006600660066,0.135761589403974,1,0.993485342019544,0,1,0,0,0,0,0,0,0,0.185810810810811,0,0.957516339869281,0,0,0.17741935483871,0.241042345276873,0.220820189274448,1,0.984177215189873,0,0,0.561514195583596,0.891803278688525,0.00649350649350649,0.00673400673400673,0.0942760942760943,0.996784565916399,0,0,1,1,0.996710526315789,0,0,0.216828478964401,0.396666666666667,0.153846153846154
"3",0.99025974025974,0.262626262626263,1,0,0.178913738019169,0,0,0,0.228758169934641,0.16504854368932,0.223728813559322,0,0,0.185667752442997,0.142414860681115,0,0.896024464831804,0.245847176079734,0,0,0,0.252459016393443,0,0,0.993421052631579,0.943217665615142,0.993355481727575,0.235483870967742,0,0,0.257234726688103,0,0.121405750798722,0.0673076923076923,0,0,0,0.208609271523179,0.244299674267101,0,0,0.108974358974359,0.233898305084746,0,0,0.235483870967742,0,0.990066225165563,0,0.231270358306189,0,0,0,0.0980392156862745,0,0,0,0.231511254019293,0,0,0.17056856187291,0,0,0.239482200647249,0.253333333333333,0.251655629139073,0,0,0,0.232484076433121,0.393081761006289,0,0,0,0.234920634920635,0,0.990353697749196,0.949843260188088,0.067741935483871,0.114478114478114,0.221864951768489,0.993150684931507,0,0.079734219269103,0.0463576158940397,0,0.920382165605096,0.23972602739726,0.253246753246753,0.109717868338558,0.22742474916388,0,0,0,0.325657894736842,0,0,0.343042071197411,0.946843853820598,0,0.207006369426752,0,0,0.968152866242038,0.993548387096774,0.990825688073395,0.225589225589226,0.273584905660377,0,0,0.0498442367601246,0.141479099678457,0,0,0,0.228571428571429,0.267558528428094,0,0.244372990353698,0.226837060702875,0.251592356687898,0,0.105919003115265,0.996763754045307,0.858552631578947,0.937293729372937
"4",0,0,0,1,0,0.896321070234114,0.694968553459119,0.345637583892617,0,0,0,0.740384615384615,0.929530201342282,0,0,0.904458598726115,0,0,0.933753943217666,0.403225806451613,0.312714776632302,0,0.380191693290735,0.63125,0,0,0,0,0.325581395348837,0.602649006622517,0,0.726351351351351,0.251592356687898,0.0684039087947883,0.932475884244373,0.915254237288136,0.966777408637874,0,0,0.378289473684211,0.408227848101266,0.258278145695364,0,0.361563517915309,0.336666666666667,0,0.761290322580645,0,0.894736842105263,0,0.73015873015873,0.389438943894389,0.963576158940397,0.0390879478827362,0.720394736842105,0.345890410958904,0.931818181818182,0,0.956228956228956,0.407766990291262,0,0.742372881355932,0.900332225913621,0,0,0,0.335504885993485,0.917491749174917,0.963934426229508,0,0.0256410256410256,0.380327868852459,0.919614147909968,0.334448160535117,0,0.63961038961039,0,0,0.0605095541401274,0.245161290322581,0,0,0.720930232558139,0.233766233766234,0.324232081911263,0.365131578947368,0,0,0,0.241379310344828,0,0.620915032679739,0.92358803986711,0.631399317406143,0.0364238410596026,0.695081967213115,0.922077922077922,0.0321543408360129,0,0.690789473684211,0,0.725,0.905228758169935,0,0,0,0,0,0.721518987341772,0.91358024691358,0.311320754716981,0.00657894736842105,0.365695792880259,0.317725752508361,0.282312925170068,0,0.0827814569536424,0.353535353535354,0,0,0,0.93312101910828,0.255591054313099,0,0,0
"5",0.141955835962145,0.939102564102564,0.178913738019169,0,1,0,0,0,0.922118380062305,1,0.942122186495177,0,0,0.996825396825397,0.981762917933131,0,0.0532544378698225,0.928104575163399,0,0,0.0668896321070234,0.929032258064516,0,0,0.154574132492114,0.0975609756097561,0.145161290322581,0.933753943217666,0.0721311475409836,0,0.928125,0,0,0.90273556231003,0,0.0033112582781457,0,0.938110749185668,0.931888544891641,0.0727848101265823,0,0,0.924050632911392,0,0.0879478827361563,0.923547400611621,0.00307692307692308,0.165079365079365,0,0.941176470588235,0,0,0,0.959501557632399,0.00316455696202532,0,0,0.941896024464832,0,0,0.996753246753247,0.00323624595469256,0.00325732899022801,0.920634920634921,0.925233644859813,0.930693069306931,0.0564263322884013,0,0.00314465408805031,0.926153846153846,0,0,0.00920245398773006,0.0316455696202532,0.934375,0,0.129746835443038,0.0925925925925926,0.91304347826087,0,0.927672955974843,0.179401993355482,0,0.0257234726688103,0.636363636363636,0.0880503144654088,0.0660377358490566,0.935374149659864,0.922118380062305,0,0.935691318327974,0,0,0,0,0,0,0,0.105263157894737,0,0.972136222910217,0,0,0.104938271604938,0.162079510703364,0.148148148148148,0.936102236421725,0.898461538461538,0.00602409638554217,0,0.636363636363636,0.966153846153846,0.0892307692307692,0.0548387096774194,0.14968152866242,0.932098765432099,0,0.0788643533123028,0.927215189873418,0.937694704049844,0.920886075949367,0.0247678018575851,0,0.150470219435737,0.298412698412698,0.084375
"6",0,0,0,0.896321070234114,0,1,0.60952380952381,0.277777777777778,0,0,0,0.642172523961661,0.96742671009772,0,0,1,0,0,0.983974358974359,0.308176100628931,0.419463087248322,0,0.304075235109718,0.540372670807453,0,0,0,0,0.401993355481728,0.50974025974026,0,0.614886731391586,0.178125,0.0709876543209877,0.987460815047022,0.814569536423841,0.95253164556962,0,0,0.490445859872611,0.316614420062696,0.18125,0,0.307210031347962,0.427652733118971,0,0.876190476190476,0,0.990353697749196,0,0.629746835443038,0.303225806451613,0.943894389438944,0.0347003154574132,0.608832807570978,0.297029702970297,0.971786833855799,0,0.966996699669967,0.299674267100977,0,0.854368932038835,0.990066225165563,0,0,0,0.439490445859873,1,0.94551282051282,0,0,0.284375,0.813114754098361,0.269230769230769,0,0.534591194968553,0,0,0.0773993808049536,0.161812297734628,0,0,0.627388535031847,0.161290322580645,0.318032786885246,0.449367088607595,0,0,0,0.178125,0,0.525974025974026,0.971698113207547,0.548701298701299,0,0.592833876221498,1,0,0,0.611650485436893,0,0.622222222222222,0.996794871794872,0,0,0,0,0,0.842592592592593,1,0.325,0.0188087774294671,0.44375,0.404458598726115,0.355048859934853,0,0.0361842105263158,0.436065573770492,0,0,0,0.931034482758621,0.179878048780488,0,0,0
"7",0,0,0,0.694968553459119,0,0.60952380952381,1,0.662379421221865,0,0,0,0.990625,0.655948553054662,0,0,0.586750788643533,0,0,0.625,0.73374613003096,0.0792079207920792,0,0.693498452012384,0.929878048780488,0,0,0,0,0.0876623376623377,0.913461538461538,0,1,0.561349693251534,0.0462962962962963,0.648484848484848,0.774509803921569,0.7491961414791,0,0,0.0952380952380952,0.719512195121951,0.55625,0,0.682389937106918,0.090032154340836,0,0.453125,0,0.575949367088608,0,0.99388379204893,0.727564102564103,0.670967741935484,0.036697247706422,0.990445859872611,0.688524590163934,0.6375,0,0.660130718954248,0.726415094339623,0,0.453968253968254,0.563517915309446,0,0,0,0.0786163522012579,0.614420062695925,0.684713375796178,0,0.258566978193146,0.70125786163522,0.7601246105919,0.641744548286604,0,0.927672955974843,0,0,0.0566037735849057,0.556962025316456,0,0,1,0.542857142857143,0.0536277602523659,0.0791139240506329,0,0,0,0.577639751552795,0,0.933962264150943,0.640378548895899,0.925566343042071,0.320634920634921,0.993690851735016,0.599369085173502,0.336448598130841,0,0.99025974025974,0,1,0.59748427672956,0,0,0,0,0,0.435045317220544,0.604790419161677,0.0591715976331361,0,0.0833333333333333,0.0862619808306709,0,0,0.387096774193548,0.10223642172524,0,0,0,0.646875,0.565349544072948,0,0,0
"8",0,0,0,0.345637583892617,0,0.277777777777778,0.662379421221865,1,0,0,0,0.621794871794872,0.343434343434343,0,0,0.267741935483871,0.109792284866469,0,0.316831683168317,0.974193548387097,0,0,1,0.778481012658228,0,0.0599369085173502,0,0,0,0.786885245901639,0,0.644067796610169,0.915360501567398,0,0.317307692307692,0.435810810810811,0.323529411764706,0,0,0,0.971428571428571,0.92604501607717,0,1,0,0,0.124203821656051,0,0.256493506493506,0,0.646687697160883,0.971153846153846,0.342281879194631,0,0.641196013289037,1,0.297734627831715,0,0.314754098360656,0.969594594594595,0,0.121710526315789,0.266891891891892,0,0,0,0,0.300653594771242,0.335483870967742,0,0.60702875399361,0.970394736842105,0.39171974522293,0.974025974025974,0,0.774193548387097,0,0.0506329113924051,0,0.927152317880795,0,0,0.672131147540984,0.928338762214984,0,0,0.0786885245901639,0,0,0.926751592356688,0,0.763157894736842,0.31629392971246,0.772108843537415,0.683333333333333,0.687707641196013,0.26578073089701,0.662420382165605,0.0505050505050505,0.662207357859532,0,0.631746031746032,0.280130293159609,0.0523076923076923,0,0,0,0,0.10410094637224,0.279874213836478,0,0,0,0,0,0,0.741830065359477,0,0,0,0,0.335483870967742,0.919254658385093,0,0,0.0716612377850163
"9",0.15987460815047,1,0.228758169934641,0,0.922118380062305,0,0,0,1,0.9125,1,0,0,0.936908517350158,0.901197604790419,0,0.113372093023256,1,0,0,0,1,0,0,0.214511041009464,0.166666666666667,0.198717948717949,1,0.0099009900990099,0,1,0,0,0.81570996978852,0,0,0,1,0.993865030674847,0.00943396226415094,0,0,1,0,0.00934579439252336,1,0,0.21405750798722,0,1,0,0,0,0.882352941176471,0,0,0,1,0,0,0.926984126984127,0,0,1,0.996884735202492,1,0.00315457413249211,0,0,0.99685534591195,0,0,0,0.0255591054313099,1,0,0.153354632587859,0.145015105740181,0.837349397590361,0,1,0.226229508196721,0,0.0159744408945687,0.574603174603175,0.00636942675159236,0.123809523809524,1,0.99375,0,1,0,0,0,0,0,0,0,0.177993527508091,0,0.951367781155015,0,0,0.167682926829268,0.212962962962963,0.189024390243902,1,0.981651376146789,0,0,0.561933534743202,0.880503144654088,0.00917431192660551,0.00946372239747634,0.0852459016393443,0.993920972644377,0,0,1,1,0.993670886075949,0,0,0.189274447949527,0.386792452830189,0.13719512195122
"10",0.133333333333333,0.928571428571429,0.16504854368932,0,1,0,0,0,0.9125,1,0.922330097087379,0,0,0.993464052287582,0.984615384615385,0,0.0501474926253687,0.921311475409836,0,0,0.0776699029126214,0.922829581993569,0,0,0.160377358490566,0.0939393939393939,0.140575079872204,0.918495297805643,0.0938511326860841,0,0.916149068322981,0,0,0.912121212121212,0,0.00327868852459016,0,0.927444794952681,0.930817610062893,0.0854430379746835,0,0,0.919093851132686,0,0.105095541401274,0.907975460122699,0,0.1625,0,0.932307692307692,0,0,0,0.968652037617555,0.00319488817891374,0,0,0.935779816513762,0,0,0.996784565916399,0.00320512820512821,0.00641025641025641,0.910493827160494,0.907348242811502,0.915857605177994,0.0702875399361022,0,0.00311526479750779,0.920245398773006,0,0,0.0125786163522013,0.0289389067524116,0.923076923076923,0,0.117834394904459,0.0940438871473354,0.914634146341463,0,0.911111111111111,0.165562913907285,0,0.0186915887850467,0.650485436893204,0.103448275862069,0.0480769230769231,0.926174496644295,0.906832298136646,0,0.93312101910828,0,0,0,0,0,0,0,0.109324758842444,0,0.969135802469136,0,0,0.0975609756097561,0.1625,0.141993957703928,0.934782608695652,0.883076923076923,0.00600600600600601,0,0.658536585365854,0.974683544303797,0.109375,0.0796178343949045,0.161290322580645,0.9209726443769,0,0.0944625407166124,0.911392405063291,0.927444794952681,0.904761904761905,0.0279503105590062,0,0.153125,0.309446254071661,0.073482428115016
"11",0.147540983606557,1,0.223728813559322,0,0.942122186495177,0,0,0,1,0.922330097087379,1,0,0,0.950980392156863,0.922077922077922,0,0.0830769230769231,1,0,0,0,1,0,0,0.213114754098361,0.136507936507936,0.193979933110368,1,0.0102389078498294,0,1,0,0,0.85031847133758,0,0,0,1,0.993569131832797,0.00996677740863787,0,0,1,0,0.0102040816326531,1,0,0.194719471947195,0,1,0,0,0,0.900990099009901,0,0,0,1,0,0,0.936241610738255,0,0,1,0.996666666666667,1,0.00333333333333333,0,0,0.996784565916399,0,0,0,0.0360655737704918,1,0,0.139072847682119,0.118589743589744,0.85031847133758,0,1,0.212328767123288,0,0.0266666666666667,0.602040816326531,0.00666666666666667,0.105263157894737,1,0.993569131832797,0,1,0,0,0,0,0,0,0,0.151815181518152,0,0.954692556634304,0,0,0.142394822006472,0.18936877076412,0.187898089171975,1,0.980891719745223,0,0,0.591054313099042,0.903225806451613,0.00974025974025974,0.0101010101010101,0.0986394557823129,0.993630573248408,0,0,1,1,0.993548387096774,0,0,0.179401993355482,0.372093023255814,0.121311475409836
"12",0,0,0,0.740384615384615,0,0.642172523961661,0.990625,0.621794871794872,0,0,0,1,0.685534591194969,0,0,0.626959247648903,0,0,0.665644171779141,0.701538461538462,0.0974025974025974,0,0.653250773993808,0.909090909090909,0,0,0,0,0.100649350649351,0.893081761006289,0,0.990196078431373,0.528528528528528,0.046583850931677,0.692307692307692,0.817589576547231,0.765625,0,0,0.107692307692308,0.693009118541033,0.526315789473684,0,0.6625,0.0996784565916399,0,0.464615384615385,0,0.619808306709265,0,0.997014925373134,0.702194357366771,0.713395638629283,0.0403726708074534,0.990566037735849,0.649350649350649,0.674050632911392,0,0.692556634304207,0.692307692307692,0,0.482866043613707,0.601286173633441,0,0,0,0.0928792569659443,0.644859813084112,0.724137931034483,0,0.232919254658385,0.674922600619195,0.804347826086957,0.61128526645768,0,0.907975460122699,0,0,0.0519877675840979,0.523809523809524,0,0,1,0.515625,0.0691823899371069,0.0974842767295598,0,0,0,0.547692307692308,0,0.913461538461538,0.66358024691358,0.915584415584416,0.278481012658228,0.980830670926518,0.636075949367089,0.3,0,0.975077881619938,0,0.990740740740741,0.636645962732919,0,0,0,0,0,0.453453453453453,0.648809523809524,0.0746268656716418,0,0.101796407185629,0.0987261146496815,0.0126582278481013,0,0.361022364217252,0.126582278481013,0,0,0,0.688473520249221,0.531157270029674,0,0,0
"13",0,0,0,0.929530201342282,0,0.96742671009772,0.655948553054662,0.343434343434343,0,0,0,0.685534591194969,1,0,0,0.977198697068404,0,0,1,0.367088607594937,0.361204013377926,0,0.36624203821656,0.579439252336449,0,0,0,0,0.355704697986577,0.542763157894737,0,0.672297297297297,0.226114649681529,0.0573248407643312,0.990415335463259,0.858108108108108,0.980132450331126,0,0,0.444805194805195,0.381703470031546,0.23961661341853,0,0.358730158730159,0.365448504983389,0,0.808777429467085,0,0.950980392156863,0,0.663492063492063,0.356435643564356,0.970394736842105,0.0383386581469649,0.659163987138264,0.342281879194631,1,0,0.986348122866894,0.363036303630363,0,0.801980198019802,0.956666666666667,0,0,0,0.401294498381877,0.977272727272727,0.96742671009772,0,0,0.35031847133758,0.859424920127795,0.327759197324415,0,0.558441558441558,0,0,0.0670926517571885,0.221476510067114,0,0,0.67524115755627,0.211920529801325,0.302721088435374,0.391447368421053,0,0,0,0.236593059936909,0,0.580327868852459,1,0.580536912751678,0,0.642140468227425,0.973597359735974,0,0,0.656765676567657,0,0.663461538461538,0.967532467532468,0,0,0,0,0,0.778461538461538,0.981132075471698,0.300940438871473,0.012779552715655,0.393548387096774,0.362745098039216,0.323624595469256,0,0.0472972972972973,0.39202657807309,0,0,0,0.955414012738854,0.238993710691824,0,0,0
"14",0.142405063291139,0.953488372093023,0.185667752442997,0,0.996825396825397,0,0,0,0.936908517350158,0.993464052287582,0.950980392156863,0,0,1,0.975232198142415,0,0.0567164179104478,0.943521594684385,0,0,0.0641891891891892,0.945161290322581,0,0,0.168831168831169,0.10410094637224,0.150326797385621,0.944805194805195,0.0697674418604651,0,0.943037974683544,0,0,0.900928792569659,0,0,0,0.951456310679612,0.946708463949843,0.062111801242236,0,0,0.935064935064935,0,0.0814332247557003,0.933753943217666,0,0.170967741935484,0,0.954248366013072,0,0,0,0.949206349206349,0.00320512820512821,0,0,0.949526813880126,0,0,0.996763754045307,0,0.00333333333333333,0.936102236421725,0.926282051282051,0.947712418300654,0.0578778135048231,0,0,0.936507936507937,0,0,0.00632911392405063,0.0352564102564103,0.940251572327044,0,0.12540192926045,0.0952380952380952,0.903125,0,0.936908517350158,0.180921052631579,0,0.0260586319218241,0.651465798045603,0.0774193548387097,0.0759493670886076,0.951557093425606,0.928571428571429,0,0.955128205128205,0,0,0,0,0,0,0,0.112956810631229,0,0.981538461538462,0,0,0.110429447852761,0.173076923076923,0.150769230769231,0.951923076923077,0.909657320872274,0.00309597523219814,0,0.650455927051672,0.958860759493671,0.0783699059561129,0.0575079872204473,0.151815181518152,0.933544303797468,0,0.0616883116883117,0.939102564102564,0.949367088607595,0.932258064516129,0.0160771704180064,0,0.149837133550489,0.329073482428115,0.0854430379746835
"15",0.115151515151515,0.911392405063291,0.142414860681115,0,0.981762917933131,0,0,0,0.901197604790419,0.984615384615385,0.922077922077922,0,0,0.975232198142415,1,0,0.0431034482758621,0.903846153846154,0,0,0.090032154340836,0.91131498470948,0,0,0.129129129129129,0.068452380952381,0.117834394904459,0.905660377358491,0.110410094637224,0,0.908256880733945,0,0,0.928994082840237,0,0.0031055900621118,0,0.910769230769231,0.916167664670659,0.101851851851852,0,0,0.913312693498452,0,0.12,0.899408284023669,0,0.136222910216718,0,0.921212121212121,0,0,0,0.951219512195122,0,0,0,0.920353982300885,0,0,0.98780487804878,0.00307692307692308,0.00638977635782748,0.896024464831804,0.896969696969697,0.909967845659164,0.0851063829787234,0,0.00303951367781155,0.909090909090909,0,0,0.00914634146341463,0.0248447204968944,0.91044776119403,0,0.106060606060606,0.0634441087613293,0.946428571428571,0,0.903614457831325,0.137071651090343,0,0.021021021021021,0.674772036474164,0.114114114114114,0.0510510510510511,0.912903225806452,0.892537313432836,0,0.929878048780488,0,0,0,0,0,0,0,0.0711974110032362,0,0.961194029850746,0,0,0.0769230769230769,0.143712574850299,0.11304347826087,0.919254658385093,0.872781065088757,0.00595238095238095,0,0.666666666666667,0.984939759036145,0.118694362017804,0.0880503144654088,0.186544342507645,0.907185628742515,0,0.104294478527607,0.902140672782875,0.920588235294118,0.896969696969697,0.0242424242424242,0,0.116564417177914,0.284403669724771,0.0692771084337349
"16",0,0,0,0.904458598726115,0,1,0.586750788643533,0.267741935483871,0,0,0,0.626959247648903,0.977198697068404,0,0,1,0,0,0.990384615384615,0.283489096573209,0.426666666666667,0,0.29153605015674,0.51063829787234,0,0,0,0,0.410774410774411,0.471337579617834,0,0.603225806451613,0.15987460815047,0.0694006309148265,0.993730407523511,0.816608996539792,0.964285714285714,0,0,0.508038585209003,0.29375,0.160883280757098,0,0.286624203821656,0.444444444444444,0,0.892405063291139,0,0.993569131832797,0,0.610062893081761,0.269480519480519,0.951768488745981,0.0476190476190476,0.608414239482201,0.267326732673267,0.984126984126984,0,0.963815789473684,0.279742765273312,0,0.874587458745875,0.993589743589744,0,0,0,0.470967741935484,1,0.948387096774194,0,0,0.256493506493506,0.819620253164557,0.258169934640523,0,0.517241379310345,0,0,0.073015873015873,0.145631067961165,0,0,0.606918238993711,0.138801261829653,0.337792642140468,0.474358974358974,0,0,0,0.157407407407407,0,0.506493506493506,0.983606557377049,0.514950166112957,0,0.574750830564784,1,0,0,0.592592592592593,0,0.59047619047619,1,0,0,0,0,0,0.855799373040752,1,0.327217125382263,0.0161290322580645,0.458860759493671,0.420529801324503,0.375816993464052,0,0.0191693290734824,0.456026058631922,0,0,0,0.94006309148265,0.156626506024096,0,0,0
"17",0.914201183431953,0.114551083591331,0.896024464831804,0,0.0532544378698225,0,0,0.109792284866469,0.113372093023256,0.0501474926253687,0.0830769230769231,0,0,0.0567164179104478,0.0431034482758621,0,1,0.105919003115265,0,0.0791788856304985,0,0.11854103343465,0.106508875739645,0,0.898203592814371,0.959420289855072,0.908256880733945,0.112759643916914,0,0,0.114114114114114,0,0.193083573487032,0.00869565217391304,0,0,0,0.0892307692307692,0.106508875739645,0,0.0887573964497041,0.201183431952663,0.0996884735202492,0.0985074626865672,0,0.115384615384615,0,0.904761904761905,0,0.0955223880597015,0,0.0922619047619048,0,0.0238095238095238,0,0.104294478527607,0,0.0976331360946746,0,0.0892857142857143,0.0572289156626506,0,0,0.103343465045593,0.133333333333333,0.12,0,0,0,0.112759643916914,0.528023598820059,0.0803571428571429,0,0.1,0.104477611940299,0,0.924698795180723,0.964391691394659,0.0087719298245614,0.21580547112462,0.0975609756097561,0.903426791277259,0,0.183183183183183,0,0,0.982195845697329,0.105769230769231,0.114705882352941,0.197058823529412,0.0996978851963746,0,0,0,0.442073170731707,0,0,0.459701492537313,0.963525835866261,0,0.0764705882352941,0,0,0.953079178885631,0.91044776119403,0.925714285714286,0.0993975903614458,0.138728323699422,0,0,0,0.0476190476190476,0,0,0,0.102639296187683,0.366863905325444,0,0.11178247734139,0.108823529411765,0.11044776119403,0,0.201149425287356,0.918918918918919,0.722560975609756,0.970414201183432
"18",0.191419141914191,1,0.245847176079734,0,0.928104575163399,0,0,0,1,0.921311475409836,1,0,0,0.943521594684385,0.903846153846154,0,0.105919003115265,1,0,0,0,1,0,0,0.236486486486486,0.163461538461538,0.214046822742475,1,0.00671140939597315,0,1,0,0,0.832258064516129,0,0,0,1,0.996742671009772,0.00649350649350649,0,0,1,0,0.00668896321070234,1,0,0.228476821192053,0,1,0,0,0,0.88562091503268,0,0,0,1,0,0,0.935593220338983,0,0,1,0.996710526315789,1,0.00332225913621262,0,0,0.996742671009772,0,0,0,0.0366666666666667,1,0,0.178217821782178,0.151898734177215,0.83974358974359,0,1,0.235690235690236,0,0.0264900662251656,0.558528428093645,0.00324675324675325,0.123778501628664,1,0.996644295302013,0,1,0,0,0,0,0,0,0,0.178694158075601,0,0.955974842767296,0,0,0.173202614379085,0.230519480519481,0.204472843450479,1,0.98705501618123,0,0,0.533333333333333,0.901960784313726,0.00643086816720257,0.00677966101694915,0.0777027027027027,0.993548387096774,0,0,1,1,0.996699669966997,0,0,0.205882352941176,0.403333333333333,0.137254901960784
"19",0,0,0,0.933753943217666,0,0.983974358974359,0.625,0.316831683168317,0,0,0,0.665644171779141,1,0,0,0.990384615384615,0,0,1,0.35625,0.37,0,0.348623853211009,0.553892215568862,0,0,0,0,0.359223300970874,0.525806451612903,0,0.644951140065147,0.207317073170732,0.0615384615384615,0.996884735202492,0.854368932038835,0.980769230769231,0,0,0.443396226415094,0.356037151702786,0.21875,0,0.346875,0.378980891719745,0,0.827692307692308,0,0.967845659163987,0,0.654320987654321,0.350931677018634,0.97741935483871,0.0464396284829721,0.643312101910828,0.322475570032573,1,0,0.983974358974359,0.337539432176656,0,0.816720257234727,0.977564102564103,0,0,0,0.396875,0.987460815047022,0.971698113207547,0,0,0.330188679245283,0.85,0.309677419354839,0,0.550632911392405,0,0,0.0666666666666667,0.215434083601286,0,0,0.640127388535032,0.196825396825397,0.332288401253919,0.404388714733542,0,0,0,0.216463414634146,0,0.548076923076923,1,0.551612903225806,0,0.617834394904459,0.987179487179487,0,0,0.624605678233438,0,0.644171779141104,0.981072555205047,0,0,0,0,0,0.798780487804878,0.99112426035503,0.328402366863905,0.0125391849529781,0.389570552147239,0.370716510903427,0.333333333333333,0,0.0408805031446541,0.391167192429022,0,0,0,0.952978056426332,0.228658536585366,0,0,0
"20",0,0,0,0.403225806451613,0,0.308176100628931,0.73374613003096,0.974193548387097,0,0,0,0.701538461538462,0.367088607594937,0,0,0.283489096573209,0.0791788856304985,0,0.35625,1,0,0,0.969325153374233,0.81981981981982,0,0.042042042042042,0,0,0,0.832278481012658,0,0.718849840255591,0.862385321100917,0,0.335384615384615,0.503225806451613,0.389240506329114,0,0,0,1,0.870769230769231,0,0.971428571428571,0,0,0.149390243902439,0,0.284829721362229,0,0.708708708708709,1,0.373801916932907,0,0.711538461538462,0.968553459119497,0.331189710610932,0,0.349514563106796,1,0,0.152647975077882,0.273015873015873,0,0,0,0,0.312693498452012,0.384375,0,0.532307692307692,0.990683229813665,0.484567901234568,0.93968253968254,0,0.818461538461538,0,0.0304878048780488,0,0.869426751592357,0,0,0.730650154798762,0.869158878504673,0,0,0.046583850931677,0,0,0.88719512195122,0,0.821875,0.330188679245283,0.818181818181818,0.630573248407643,0.750809061488673,0.290220820189274,0.623456790123457,0.0351437699680511,0.73968253968254,0,0.720496894409938,0.294478527607362,0.036697247706422,0,0,0,0,0.131498470948012,0.29607250755287,0,0,0,0,0,0,0.700636942675159,0,0,0,0,0.377358490566038,0.870481927710843,0,0,0.0524691358024691
"21",0,0,0,0.312714776632302,0.0668896321070234,0.419463087248322,0.0792079207920792,0,0,0.0776699029126214,0,0.0974025974025974,0.361204013377926,0.0641891891891892,0.090032154340836,0.426666666666667,0,0,0.37,0,1,0,0,0.0427631578947368,0,0,0,0,0.993055555555556,0.0618556701030928,0,0.0810810810810811,0,0.108974358974359,0.381107491856678,0.249110320284698,0.30794701986755,0,0,1,0,0,0,0,0.989864864864865,0,0.600660066006601,0,0.442244224422442,0,0.0886075949367089,0,0.348432055749129,0.0844594594594595,0.0958904109589041,0,0.394736842105263,0,0.372822299651568,0,0.0680272108843537,0.587248322147651,0.43448275862069,0,0,0,1,0.402640264026403,0.336700336700337,0,0,0,0.23728813559322,0,0,0.0529801324503311,0,0,0.111842105263158,0,0,0,0.0733333333333333,0,0.311864406779661,0.99016393442623,0,0,0,0,0,0.0506756756756757,0.382352941176471,0.0664335664335664,0,0.0655172413793104,0.408783783783784,0,0,0.0714285714285714,0.0516129032258065,0.0643086816720257,0.41,0,0,0,0,0,0.622222222222222,0.411371237458194,0.306709265175719,0.106109324758842,0.99009900990099,0.993399339933993,0.939189189189189,0,0,0.989864864864865,0,0,0,0.359060402684564,0,0,0,0
"22",0.179738562091503,1,0.252459016393443,0,0.929032258064516,0,0,0,1,0.922829581993569,1,0,0,0.945161290322581,0.91131498470948,0,0.11854103343465,1,0,0,0,1,0,0,0.228758169934641,0.174454828660436,0.216666666666667,1,0.0100671140939597,0,1,0,0,0.819620253164557,0,0,0,1,0.993670886075949,0.0099009900990099,0,0,1,0,0.00993377483443709,1,0,0.227272727272727,0,1,0,0,0,0.884488448844885,0,0,0,1,0,0,0.937086092715232,0,0,1,0.996763754045307,1,0.00323624595469256,0,0,0.996805111821086,0,0,0,0.03,1,0,0.165584415584416,0.169871794871795,0.836538461538462,0,1,0.241042345276873,0,0.0261437908496732,0.561056105610561,0.00641025641025641,0.123417721518987,1,0.993548387096774,0,1,0,0,0,0,0,0,0,0.182724252491694,0,0.959627329192547,0,0,0.186495176848875,0.226114649681529,0.20625,1,0.984227129337539,0,0,0.542682926829268,0.890282131661442,0.00952380952380952,0.00993377483443709,0.0836120401337793,0.993630573248408,0,0,1,1,0.993527508090615,0,0,0.201298701298701,0.398058252427184,0.148867313915858
"23",0,0,0,0.380191693290735,0,0.304075235109718,0.693498452012384,1,0,0,0,0.653250773993808,0.36624203821656,0,0,0.29153605015674,0.106508875739645,0,0.348623853211009,0.969325153374233,0,0,1,0.763636363636364,0,0.0568862275449102,0,0,0,0.773584905660377,0,0.656765676567657,0.888888888888889,0,0.344512195121951,0.437699680511182,0.359133126934985,0,0,0,0.963525835866261,0.904907975460123,0,1,0,0,0.140672782874618,0,0.294303797468354,0,0.666666666666667,0.965299684542587,0.350157728706625,0,0.65527950310559,1,0.327217125382263,0,0.326923076923077,0.96583850931677,0,0.141065830721003,0.280645161290323,0,0,0,0,0.313664596273292,0.358255451713396,0,0.584848484848485,0.962382445141066,0.425465838509317,0.968553459119497,0,0.766355140186916,0,0.0449101796407186,0,0.894230769230769,0,0,0.688679245283019,0.908517350157729,0,0,0.0778816199376947,0,0,0.905487804878049,0,0.756410256410256,0.340490797546012,0.753993610223642,0.659305993690852,0.693290734824281,0.29320987654321,0.650455927051672,0.0456026058631922,0.684713375796178,0,0.669781931464174,0.309597523219814,0.0449101796407186,0,0,0,0,0.129230769230769,0.301829268292683,0,0,0,0,0,0,0.725,0,0,0,0,0.355828220858896,0.904615384615385,0,0,0.06875
"24",0,0,0,0.63125,0,0.540372670807453,0.929878048780488,0.778481012658228,0,0,0,0.909090909090909,0.579439252336449,0,0,0.51063829787234,0,0,0.553892215568862,0.81981981981982,0.0427631578947368,0,0.763636363636364,1,0,0,0,0,0.054140127388535,0.996923076923077,0,0.936102236421725,0.667673716012085,0.0261627906976744,0.564024390243902,0.697068403908795,0.645962732919255,0,0,0.0581039755351682,0.810810810810811,0.636085626911315,0,0.759259259259259,0.062111801242236,0,0.361702127659574,0,0.50625,0,0.919642857142857,0.809815950920245,0.598070739549839,0.0210843373493976,0.904907975460123,0.75,0.560371517027864,0,0.573717948717949,0.797507788161994,0,0.363076923076923,0.493710691823899,0,0,0,0.0487804878048781,0.543478260869565,0.605504587155963,0,0.314540059347181,0.790625,0.669753086419753,0.729813664596273,0,1,0,0,0.0303030303030303,0.640378548895899,0,0,0.922839506172839,0.627329192546584,0.0341614906832298,0.0519877675840979,0,0,0,0.655487804878049,0,0.996894409937888,0.570552147239264,1,0.403726708074534,0.936908517350158,0.51840490797546,0.419161676646707,0,0.933962264150943,0,0.914893617021277,0.52,0,0,0,0,0,0.339285714285714,0.522388059701492,0.0326409495548961,0,0.0426829268292683,0.0498442367601246,0,0,0.476340694006309,0.0727848101265823,0,0,0,0.576687116564417,0.661721068249258,0,0,0
"25",1,0.235294117647059,0.993421052631579,0,0.154574132492114,0,0,0,0.214511041009464,0.160377358490566,0.213114754098361,0,0,0.168831168831169,0.129129129129129,0,0.898203592814371,0.236486486486486,0,0,0,0.228758169934641,0,0,1,0.937106918238994,0.996677740863787,0.229508196721311,0,0,0.237942122186495,0,0.10377358490566,0.078125,0,0,0,0.217105263157895,0.230769230769231,0,0,0.10062893081761,0.221864951768489,0,0,0.235294117647059,0,1,0,0.233226837060703,0,0,0,0.0996784565916399,0,0,0,0.215384615384615,0,0,0.156549520766773,0,0,0.230769230769231,0.247588424437299,0.232258064516129,0,0,0,0.22884012539185,0.403785488958991,0,0,0,0.213375796178344,0,1,0.958466453674121,0.0822784810126582,0.104918032786885,0.220820189274448,1,0,0.0739549839228296,0.0488599348534202,0,0.935064935064935,0.219858156028369,0.219435736677116,0.0981012658227848,0.21,0,0,0,0.33993399339934,0,0,0.336538461538462,0.953795379537954,0,0.195046439628483,0,0,0.957186544342508,1,1,0.21405750798722,0.260869565217391,0,0,0.0557275541795666,0.132075471698113,0,0,0,0.220125786163522,0.272131147540984,0,0.225,0.212218649517685,0.228295819935691,0,0.103125,1,0.828947368421053,0.934375
"26",0.96583850931677,0.170418006430868,0.943217665615142,0,0.0975609756097561,0,0,0.0599369085173502,0.166666666666667,0.0939393939393939,0.136507936507936,0,0,0.10410094637224,0.068452380952381,0,0.959420289855072,0.163461538461538,0,0.042042042042042,0,0.174454828660436,0.0568862275449102,0,0.937106918238994,1,0.95625,0.165625,0,0,0.168195718654434,0,0.161194029850746,0.00595238095238095,0,0,0,0.141065830721003,0.163141993957704,0,0.0515151515151515,0.154545454545455,0.154340836012862,0.0559006211180124,0,0.156156156156156,0,0.947040498442368,0,0.158227848101266,0,0.0543130990415335,0,0.0461538461538462,0,0.0573248407643312,0,0.141975308641975,0,0.0495356037151703,0.0849056603773585,0,0,0.169811320754717,0.182965299684543,0.16504854368932,0,0,0,0.159509202453988,0.480243161094225,0.0425531914893617,0,0.0623052959501558,0.153846153846154,0,0.956656346749226,1,0.00613496932515337,0.166666666666667,0.158227848101266,0.939102564102564,0,0.13312693498452,0,0,0.969418960244648,0.159863945578231,0.172205438066465,0.152439024390244,0.16403785488959,0,0,0,0.390625,0,0,0.398773006134969,1,0,0.127659574468085,0,0,1,0.948484848484848,0.972809667673716,0.154088050314465,0.189024390243902,0,0,0,0.0797546012269939,0,0,0,0.162650602409639,0.326086956521739,0,0.167701863354037,0.162576687116564,0.164086687306502,0,0.160714285714286,0.965408805031447,0.792993630573248,1
"27",0.996732026143791,0.224832214765101,0.993355481727575,0,0.145161290322581,0,0,0,0.198717948717949,0.140575079872204,0.193979933110368,0,0,0.150326797385621,0.117834394904459,0,0.908256880733945,0.214046822742475,0,0,0,0.216666666666667,0,0,0.996677740863787,0.95625,1,0.219745222929936,0,0,0.227272727272727,0,0.110410094637224,0.0557275541795666,0,0,0,0.185430463576159,0.212218649517685,0,0,0.0938511326860841,0.207792207792208,0,0,0.210191082802548,0,0.996774193548387,0,0.208333333333333,0,0,0,0.0903225806451613,0,0,0,0.194805194805195,0,0,0.143322475570033,0,0,0.222222222222222,0.221498371335505,0.216216216216216,0,0,0,0.218354430379747,0.422222222222222,0,0,0,0.200647249190939,0,1,0.964516129032258,0.0553745928338762,0.111475409836066,0.205211726384365,0.996688741721854,0,0.0852459016393443,0.0405405405405405,0,0.937908496732026,0.209964412811388,0.216300940438871,0.103448275862069,0.210702341137124,0,0,0,0.339869281045752,0,0,0.345161290322581,0.966101694915254,0,0.182389937106918,0,0,0.967845659163987,0.996784565916399,1,0.191693290734824,0.24,0,0,0.043343653250774,0.12258064516129,0,0,0,0.195439739413681,0.27741935483871,0,0.214983713355049,0.198051948051948,0.226537216828479,0,0.105590062111801,0.996742671009772,0.833333333333333,0.941747572815534
"28",0.184466019417476,1,0.235483870967742,0,0.933753943217666,0,0,0,1,0.918495297805643,1,0,0,0.944805194805195,0.905660377358491,0,0.112759643916914,1,0,0,0,1,0,0,0.229508196721311,0.165625,0.219745222929936,1,0.00996677740863787,0,1,0,0,0.827586206896552,0,0,0,1,0.993630573248408,0.00977198697068404,0,0,1,0,0.00986842105263158,1,0,0.221864951768489,0,1,0,0,0,0.882736156351791,0,0,0,1,0,0,0.933333333333333,0,0,1,0.996742671009772,1,0.00320512820512821,0,0,0.996941896024465,0,0,0,0.0359477124183007,1,0,0.175718849840256,0.158878504672897,0.829652996845426,0,1,0.234113712374582,0,0.0258899676375405,0.553691275167785,0.00623052959501558,0.137254901960784,1,0.993690851735016,0,1,0,0,0,0,0,0,0,0.175496688741722,0,0.955414012738854,0,0,0.179245283018868,0.221153846153846,0.203125,1,0.984276729559748,0,0,0.539634146341463,0.882736156351791,0.00955414012738853,0.00986842105263158,0.0849673202614379,0.993589743589744,0,0,1,1,0.993650793650794,0,0,0.196825396825397,0.39413680781759,0.152597402597403
"29",0,0.00666666666666667,0,0.325581395348837,0.0721311475409836,0.401993355481728,0.0876623376623377,0,0.0099009900990099,0.0938511326860841,0.0102389078498294,0.100649350649351,0.355704697986577,0.0697674418604651,0.110410094637224,0.410774410774411,0,0.00671140939597315,0.359223300970874,0,0.993055555555556,0.0100671140939597,0,0.054140127388535,0,0,0,0.00996677740863787,1,0.0646258503401361,0.00326797385620915,0.0779661016949153,0,0.135922330097087,0.378125,0.263513513513513,0.296296296296296,0.00337837837837838,0,0.996699669966997,0,0,0.00666666666666667,0,1,0.00643086816720257,0.592105263157895,0,0.420529801324503,0,0.0888888888888889,0,0.342372881355932,0.0891089108910891,0.0927152317880795,0,0.375816993464052,0.00980392156862745,0.358361774744027,0,0.0855263157894737,0.601307189542484,0.430976430976431,0.0101010101010101,0.00328947368421053,0.00699300699300699,0.996732026143791,0.378289473684211,0.327814569536424,0,0,0,0.290322580645161,0,0.00980392156862745,0.0553745928338762,0,0,0.119741100323625,0,0.01,0,0.0789473684210526,0,0.352348993288591,1,0,0.00706713780918728,0,0,0.00668896321070234,0.0472972972972973,0.368421052631579,0.0711864406779661,0,0.0758620689655172,0.412337662337662,0,0,0.0777027027027027,0.0625,0.0679611650485437,0.391025641025641,0,0,0,0.00327868852459016,0,0.601880877742947,0.404388714733542,0.35126582278481,0.113268608414239,1,1,0.946666666666667,0,0,0.993197278911565,0.01,0.00964630225080386,0,0.361290322580645,0,0,0,0
"30",0,0,0,0.602649006622517,0,0.50974025974026,0.913461538461538,0.786885245901639,0,0,0,0.893081761006289,0.542763157894737,0,0,0.471337579617834,0,0,0.525806451612903,0.832278481012658,0.0618556701030928,0,0.773584905660377,0.996923076923077,0,0,0,0,0.0646258503401361,1,0,0.93046357615894,0.685534591194969,0.0158227848101266,0.535603715170279,0.675585284280936,0.618892508143323,0,0,0.0614886731391586,0.81733746130031,0.644444444444444,0,0.756493506493506,0.0718954248366013,0,0.33968253968254,0,0.482084690553746,0,0.906542056074766,0.819047619047619,0.585526315789474,0.0159235668789809,0.893548387096774,0.766666666666667,0.527156549520767,0,0.544871794871795,0.80379746835443,0,0.33974358974359,0.467532467532468,0,0,0,0.0702875399361022,0.523961661341853,0.57328990228013,0,0.338658146964856,0.787096774193548,0.646496815286624,0.746794871794872,0,0.996865203761755,0,0,0.0283018867924528,0.6578073089701,0,0,0.913461538461538,0.652597402597403,0.0289389067524116,0.0636942675159236,0,0,0,0.676190476190476,0,0.986928104575163,0.533123028391167,1,0.42671009771987,0.932038834951456,0.495145631067961,0.441640378548896,0,0.915857605177994,0,0.901273885350318,0.488745980707395,0,0,0,0,0,0.31055900621118,0.501529051987768,0.0217391304347826,0,0.0634920634920635,0.0535117056856187,0,0,0.504854368932039,0.0819672131147541,0,0,0,0.548387096774194,0.688271604938272,0,0,0.00315457413249211
"31",0.178913738019169,1,0.257234726688103,0,0.928125,0,0,0,1,0.916149068322981,1,0,0,0.943037974683544,0.908256880733945,0,0.114114114114114,1,0,0,0,1,0,0,0.237942122186495,0.168195718654434,0.227272727272727,1,0.00326797385620915,0,1,0,0,0.816770186335404,0,0,0,1,0.996845425867508,0.003125,0,0,1,0,0.00321543408360129,1,0,0.235483870967742,0,1,0,0,0,0.873817034700315,0,0,0,1,0,0,0.92948717948718,0,0,1,0.996894409937888,1,0,0,0,1,0,0,0,0.0220125786163522,1,0,0.167741935483871,0.160493827160494,0.831775700934579,0,1,0.255892255892256,0,0.0160771704180064,0.562893081761006,0.00320512820512821,0.130434782608696,1,0.996845425867508,0,1,0,0,0,0,0,0,0,0.182410423452769,0,0.947368421052632,0,0,0.171339563862928,0.2375,0.211656441717791,1,0.987730061349693,0,0,0.562691131498471,0.8875,0.00307692307692308,0.00325732899022801,0.0751633986928105,0.996875,0,0,1,1,1,0,0,0.206451612903226,0.414012738853503,0.146964856230032
